data/bam250036.cnv
* Sea-Bird SBE19plus  Data File:
* FileName = C:\Users\odl_guest\CTD\sbe19_7274\bamfield25_7274\hex\bam250036.hex
* Software version 2.8.0.119
* Temperature SN = 7274
* Conductivity SN = 7274
* System UpLoad Time = Feb 21 2025 20:17:07
* <ApplicationData>
* <Seaterm232>
** Station: Sarita river
** Depth: 124 m
** Latitude = 48 54.162 N
** Longitude = 125 01.639 W
** PST (Time) = Feb 21 2025 15:08:19
** Cruise: Bamfield25
** Comments:
# nquan = 18
# nvalues = 204                         
# units = specified
# name 0 = scan: Scan Count
# name 1 = tv290C: Temperature [ITS-90, deg C]
# name 2 = prdM: Pressure, Strain Gauge [db]
# name 3 = c0mS/cm: Conductivity [mS/cm]
# name 4 = sbeox0V: Oxygen raw, SBE 43 [V]
# name 5 = flECO-AFL: Fluorescence, WET Labs ECO-AFL/FL [mg/m^3]
# name 6 = seaTurbMtr: Turbidity, Seapoint [FTU]
# name 7 = sbeox0ML/L: Oxygen, SBE 43 [ml/l], WS = 2
# name 8 = sal00: Salinity, Practical [PSU]
# name 9 = sigma-é00: Density [sigma-theta, kg/m^3]
# name 10 = sbeox0PS: Oxygen, SBE 43 [% saturation], WS = 2
# name 11 = potemp090C: Potential Temperature [ITS-90, deg C]
# name 12 = gsw_srA0: Reference Salinity [g/kg]
# name 13 = gsw_ctA0: Conservative Temperature [ITS-90, deg C]
# name 14 = gsw_sigma0A0: density, TEOS-10 [sigma-0, kg/m^3 ]
# name 15 = gsw_saA0: Absolute Salinity [g/kg]
# name 16 = nbin: number of scans per bin
# name 17 = flag: flag
# span 0 =        524,       1646       
# span 1 =     8.1111,    10.2264       
# span 2 =      1.000,    102.500       
# span 3 =  31.317652,  35.777913       
# span 4 =     1.9777,     2.7220       
# span 5 =     0.6383,     5.7711       
# span 6 =     -0.035,      0.142       
# span 7 =     4.3433,     6.8367       
# span 8 =    29.6968,    32.5664       
# span 9 =    23.0965,    25.0788       
# span 10 =     67.577,    100.326      
# span 11 =     8.1090,    10.2200      
# span 12 =    29.8368,    32.7199      
# span 13 =     8.1597,    10.2591      
# span 14 =    23.1006,    25.0846      
# span 15 =    29.8401,    32.7239      
# span 16 =          1,        198      
# span 17 = 0.0000e+00, 0.0000e+00      
# interval = decibars: 0.5              
# start_time = Feb 21 2025 23:08:28 [Instrument's time stamp, header]
# bad_flag = -9.990e-29
*END*
[from data line 161]
       1236    10.1160     81.500  35.756222     2.0704     0.7112 1.1759e-19     4.5863    32.4818    24.9684     71.646    10.1068    32.6350    10.1431    24.9739    32.6383          2 0.0000e+00
       1239    10.1135     82.000  35.755095     2.0694     0.7204 6.3150e-20     4.5786    32.4826    24.9694     71.523    10.1043    32.6357    10.1405    24.9749    32.6391          2 0.0000e+00
       1241    10.1105     82.500  35.753852     2.0683     0.7251 3.5957e-20     4.5754    32.4838    24.9709     71.468    10.1012    32.6370    10.1374    24.9764    32.6404          3 0.0000e+00
       1243    10.1068     83.000  35.752261     2.0667     0.7313 2.0071e-20     4.5724    32.4854    24.9727     71.416    10.0974    32.6386    10.1336    24.9782    32.6420          2 0.0000e+00
       1246    10.1030     83.500  35.750371     2.0657     0.7407 1.0896e-20     4.5696    32.4867    24.9744     71.367    10.0936    32.6399    10.1297    24.9799    32.6433          2 0.0000e+00
       1248    10.1002     84.000  35.749186     2.0647     0.7499 6.2703e-21     4.5588    32.4878    24.9757     71.196    10.0907    32.6410    10.1268    24.9813    32.6444          3 0.0000e+00
       1250    10.0983     84.500  35.748706     2.0617     0.7404 3.5138e-21     4.5400    32.4888    24.9768     70.899    10.0888    32.6420    10.1248    24.9824    32.6454          2 0.0000e+00
       1253    10.0967     85.000  35.748462     2.0580     0.7332 1.9040e-21     4.5264    32.4897    24.9778     70.684    10.0871    32.6429    10.1232    24.9834    32.6464          2 0.0000e+00
       1255    10.0953     85.500  35.748292     2.0546     0.7258 1.0941e-21     4.5190    32.4906    24.9787     70.567    10.0857    32.6438    10.1217    24.9843    32.6472          3 0.0000e+00
       1257    10.0941     86.000  35.748103     2.0519     0.7210 6.1250e-22     4.5137    32.4913    24.9795     70.483    10.0844    32.6445    10.1204    24.9851    32.6480          2 0.0000e+00
       1260    10.0926     86.500  35.747763     2.0479     0.7165 3.3165e-22     4.5059    32.4920    24.9803     70.360    10.0829    32.6452    10.1189    24.9859    32.6487          2 0.0000e+00
       1262    10.0901     87.000  35.747043     2.0460     0.7069 1.9020e-22     4.5049    32.4934    24.9818     70.339    10.0803    32.6466    10.1162    24.9874    32.6501          3 0.0000e+00
       1264    10.0861     87.500  35.745491     2.0438     0.7060 1.0593e-22     4.4991    32.4951    24.9838     70.245    10.0763    32.6483    10.1122    24.9895    32.6519          2 0.0000e+00
       1267    10.0819     88.000  35.743723     2.0419     0.7141 5.6086e-23     4.4976    32.4969    24.9860     70.215    10.0720    32.6502    10.1079    24.9916    32.6537          2 0.0000e+00
       1269    10.0779     88.500  35.742560     2.0393     0.7186 3.0120e-23     4.4970    32.4991    24.9883     70.200    10.0680    32.6523    10.1038    24.9940    32.6559          3 0.0000e+00
       1272    10.0731     89.000  35.740882     2.0388     0.7114 1.5600e-23     4.4998    32.5015    24.9911     70.238    10.0631    32.6548    10.0988    24.9967    32.6583          3 0.0000e+00
       1275    10.0670     89.500  35.737893     2.0370     0.6982 6.9557e-24     4.4987    32.5038    24.9938     70.213    10.0569    32.6570    10.0926    24.9995    32.6606          3 0.0000e+00
       1295    10.0624     90.000  35.735505     2.0367     0.7009 2.1186e-24     4.5028    32.5052    24.9957     70.270    10.0523    32.6585    10.0880    25.0014    32.6621         52 0.0000e+00
       1646    10.0544     90.500  35.729849     2.0287     0.6916 7.8074e-18     4.4679    32.5065    24.9981     69.714    10.0443    32.6598    10.0799    25.0038    32.6634         51 0.0000e+00
       1473    10.0544     91.000  35.731361     2.0234     0.6808 6.1648e-17     4.4489    32.5077    24.9991     69.417    10.0442    32.6610    10.0798    25.0048    32.6647          4 0.0000e+00
       1475    10.0495     91.500  35.729126     2.0213     0.6889 1.4098e-16     4.4393    32.5097    25.0014     69.261    10.0392    32.6630    10.0747    25.0071    32.6667          3 0.0000e+00
       1478    10.0451     92.000  35.727355     2.0177     0.6994 2.9070e-16     4.4399    32.5117    25.0036     69.265    10.0348    32.6650    10.0703    25.0094    32.6686          3 0.0000e+00
       1481    10.0391     92.500  35.724579     2.0183     0.7031 5.5729e-16     4.4603    32.5140    25.0066     69.576    10.0286    32.6674    10.0641    25.0123    32.6710          2 0.0000e+00
       1483    10.0296     93.000  35.719491     2.0196     0.6945 1.0861e-15     4.4632    32.5172    25.0106     69.607    10.0192    32.6705    10.0545    25.0163    32.6742          3 0.0000e+00
       1486    10.0211     93.500  35.715147     2.0185     0.6817 2.1571e-15     4.4495    32.5202    25.0144     69.382    10.0106    32.6736    10.0459    25.0202    32.6773          3 0.0000e+00
       1488    10.0148     94.000  35.712271     2.0175     0.6703 4.0636e-15     4.4396    32.5228    25.0174     69.219    10.0043    32.6762    10.0395    25.0232    32.6799          2 0.0000e+00
       1491    10.0071     94.500  35.708464     2.0151     0.6599 7.8127e-15     4.4275    32.5256    25.0210     69.020     9.9965    32.6790    10.0316    25.0267    32.6827          3 0.0000e+00
       1494     9.9983     95.000  35.703773     2.0130     0.6485 1.4622e-14     4.4178    32.5285    25.0247     68.858     9.9877    32.6819    10.0227    25.0305    32.6858          2 0.0000e+00
       1496     9.9931     95.500  35.702489     2.0091     0.6486 2.8231e-14     4.4041    32.5317    25.0280     68.638     9.9824    32.6851    10.0174    25.0338    32.6889          3 0.0000e+00
       1499     9.9906     96.000  35.702930     2.0057     0.6584 5.5820e-14     4.3982    32.5342    25.0304     68.543     9.9798    32.6876    10.0148    25.0362    32.6914          3 0.0000e+00
       1501     9.9879     96.500  35.702291     2.0030     0.6647 1.0584e-13     4.3938    32.5357    25.0320     68.473     9.9771    32.6892    10.0120    25.0378    32.6930          2 0.0000e+00
       1504     9.9840     97.000  35.700371     2.0004     0.6579 2.0916e-13     4.3966    32.5371    25.0338     68.509     9.9731    32.6905    10.0080    25.0396    32.6944          3 0.0000e+00
       1507     9.9778     97.500  35.697048     2.0002     0.6507 4.2649e-13     4.3988    32.5391    25.0364     68.535     9.9669    32.6925    10.0017    25.0422    32.6964          3 0.0000e+00
       1510     9.9677     98.000  35.691127     1.9978     0.6477 8.7591e-13     4.3897    32.5420    25.0402     68.380     9.9568    32.6954     9.9915    25.0461    32.6993          3 0.0000e+00
       1513     9.9510     98.500  35.679945     1.9971     0.6506 1.7308e-12     4.3847    32.5455    25.0458     68.279     9.9400    32.6989     9.9746    25.0516    32.7028          2 0.0000e+00
       1515     9.9282     99.000  35.663591     1.9926     0.6499 3.5459e-12     4.3569    32.5492    25.0525     67.813     9.9172    32.7027     9.9516    25.0583    32.7066          3 0.0000e+00
       1518     9.9106     99.500  35.651304     1.9876     0.6513 7.4011e-12     4.3433    32.5524    25.0579     67.577     9.8995    32.7059     9.9339    25.0637    32.7098          3 0.0000e+00
       1521     9.8971    100.000  35.641988     1.9827     0.6532 1.5516e-11     4.3451    32.5548    25.0620     67.586     9.8860    32.7084     9.9203    25.0678    32.7123          3 0.0000e+00
       1524     9.8847    100.500  35.632721     1.9817     0.6619 3.2514e-11     4.3541    32.5564    25.0653     67.709     9.8735    32.7100     9.9078    25.0711    32.7139          3 0.0000e+00
       1527     9.8782    101.000  35.629780     1.9800     0.6742 6.8506e-11     4.3528    32.5591    25.0685     67.680     9.8670    32.7127     9.9011    25.0743    32.7166          3 0.0000e+00
       1530     9.8716    101.500  35.627536     1.9788     0.6742 1.5947e-10     4.3541    32.5626    25.0723     67.692     9.8603    32.7162     9.8944    25.0782    32.7201          4 0.0000e+00
       1535     9.8604    102.000  35.619771     1.9783     0.6647 5.3810e-10     4.3578    32.5645    25.0756     67.734     9.8491    32.7181     9.8831    25.0815    32.7221          6 0.0000e+00
       1552     9.8502    102.500  35.612705     1.9777     0.6383 3.7286e-08     4.3584    32.5664    25.0788     67.728     9.8388    32.7199     9.8728    25.0846    32.7239         19 0.0000e+00
