data/bam250034.cnv
* Sea-Bird SBE19plus  Data File:
* FileName = C:\Users\odl_guest\CTD\sbe19_7274\bamfield25_7274\hex\bam250034.hex
* Software version 2.8.0.119
* Temperature SN = 7274
* Conductivity SN = 7274
* System UpLoad Time = Feb 21 2025 20:04:18
* <ApplicationData>
* <Seaterm232>
** Station: ctrl
** Depth: 114 m
** Latitude = 48 52.586 N
** Longitude = 125 07.628 W
** PST (Time) = Feb 21 2025 13:28:18
** Cruise: Bamfield25
** Comments:
# nquan = 18
# nvalues = 202                         
# units = specified
# name 0 = scan: Scan Count
# name 1 = tv290C: Temperature [ITS-90, deg C]
# name 2 = prdM: Pressure, Strain Gauge [db]
# name 3 = c0mS/cm: Conductivity [mS/cm]
# name 4 = sbeox0V: Oxygen raw, SBE 43 [V]
# name 5 = flECO-AFL: Fluorescence, WET Labs ECO-AFL/FL [mg/m^3]
# name 6 = seaTurbMtr: Turbidity, Seapoint [FTU]
# name 7 = sbeox0ML/L: Oxygen, SBE 43 [ml/l], WS = 2
# name 8 = sal00: Salinity, Practical [PSU]
# name 9 = sigma-é00: Density [sigma-theta, kg/m^3]
# name 10 = sbeox0PS: Oxygen, SBE 43 [% saturation], WS = 2
# name 11 = potemp090C: Potential Temperature [ITS-90, deg C]
# name 12 = gsw_srA0: Reference Salinity [g/kg]
# name 13 = gsw_ctA0: Conservative Temperature [ITS-90, deg C]
# name 14 = gsw_sigma0A0: density, TEOS-10 [sigma-0, kg/m^3 ]
# name 15 = gsw_saA0: Absolute Salinity [g/kg]
# name 16 = nbin: number of scans per bin
# name 17 = flag: flag
# span 0 =        516,       2236       
# span 1 =     7.4427,    10.0926       
# span 2 =      1.000,    101.500       
# span 3 =  26.582435,  35.626549       
# span 4 =     1.6335,     2.7856       
# span 5 =     0.5995,     7.9364       
# span 6 =     -0.007,      2.023       
# span 7 =     3.3545,     7.2825       
# span 8 =    24.9680,    32.5806       
# span 9 =    19.4256,    25.1106       
# span 10 =     51.989,    103.023      
# span 11 =     7.4421,    10.0861      
# span 12 =    25.0858,    32.7343      
# span 13 =     7.4932,    10.1247      
# span 14 =    19.4277,    25.1164      
# span 15 =    25.0886,    32.7382      
# span 16 =          1,        628      
# span 17 = 0.0000e+00, 0.0000e+00      
# interval = decibars: 0.5              
# start_time = Feb 21 2025 21:28:18 [Instrument's time stamp, header]
# bad_flag = -9.990e-29
*END*
[from data line 161]
       1742     9.8911     81.500  35.571100     1.7302     0.6582      0.002     3.6004    32.4964    25.0170     55.975     9.8821    32.6496     9.9174    25.0224    32.6530          2 0.0000e+00
       1744     9.8827     82.000  35.568701     1.7268     0.6554      0.003     3.5990    32.5012    25.0222     55.945     9.8736    32.6545     9.9089    25.0277    32.6579          3 0.0000e+00
       1747     9.8765     82.500  35.567022     1.7264     0.6521      0.007     3.6020    32.5049    25.0261     55.985     9.8674    32.6582     9.9025    25.0316    32.6616          3 0.0000e+00
       1750     9.8726     83.000  35.566183     1.7250     0.6429      0.014     3.5952    32.5074    25.0287     55.875     9.8634    32.6607     9.8985    25.0341    32.6641          3 0.0000e+00
       1753     9.8695     83.500  35.565706     1.7232     0.6480      0.029     3.5857    32.5095    25.0309     55.724     9.8602    32.6628     9.8952    25.0363    32.6662          3 0.0000e+00
       1756     9.8663     84.000  35.565351     1.7201     0.6548      0.060     3.5742    32.5118    25.0331     55.543     9.8570    32.6651     9.8920    25.0386    32.6685          3 0.0000e+00
       1759     9.8627     84.500  35.564706     1.7180     0.6520      0.126     3.5646    32.5141    25.0356     55.390     9.8534    32.6674     9.8883    25.0411    32.6709          3 0.0000e+00
       1762     9.8585     85.000  35.563465     1.7143     0.6415      0.258     3.5516    32.5164    25.0381     55.184     9.8491    32.6698     9.8840    25.0436    32.6732          3 0.0000e+00
       1764     9.8543     85.500  35.561987     1.7112     0.6331      0.492     3.5473    32.5186    25.0404     55.113     9.8448    32.6719     9.8796    25.0459    32.6754          2 0.0000e+00
       1767     9.8505     86.000  35.560718     1.7089     0.6316      0.821     3.5458    32.5205    25.0426     55.085     9.8410    32.6738     9.8757    25.0481    32.6773          3 0.0000e+00
       1770     9.8471     86.500  35.559781     1.7071     0.6339      1.054     3.5433    32.5224    25.0446     55.044     9.8375    32.6757     9.8722    25.0502    32.6793          2 0.0000e+00
       1772     9.8432     87.000  35.558845     1.7054     0.6369      1.175     3.5366    32.5247    25.0471     54.935     9.8336    32.6781     9.8682    25.0526    32.6816          3 0.0000e+00
       1775     9.8381     87.500  35.557615     1.7029     0.6377      1.236     3.5303    32.5278    25.0504     54.832     9.8284    32.6812     9.8631    25.0559    32.6847          3 0.0000e+00
       1778     9.8321     88.000  35.555796     1.7006     0.6380      1.262     3.5269    32.5311    25.0540     54.774     9.8224    32.6845     9.8569    25.0595    32.6881          3 0.0000e+00
       1781     9.8271     88.500  35.554174     1.6991     0.6384      1.244     3.5248    32.5338    25.0569     54.735     9.8173    32.6872     9.8518    25.0624    32.6908          3 0.0000e+00
       1784     9.8236     89.000  35.552821     1.6971     0.6402      1.142     3.5241    32.5354    25.0586     54.721     9.8138    32.6888     9.8482    25.0642    32.6924          3 0.0000e+00
       1788     9.8216     89.500  35.551989     1.6964     0.6620      0.891     3.5239    32.5362    25.0596     54.716     9.8116    32.6896     9.8461    25.0652    32.6932          4 0.0000e+00
       1793     9.8207     90.000  35.551966     1.6953     0.6558      0.382     3.5282    32.5366    25.0602     54.783     9.8108    32.6901     9.8452    25.0657    32.6937          7 0.0000e+00
       1935     9.8198     90.500  35.551682     1.6950     0.6170      1.485     3.5276    32.5370    25.0606     54.772     9.8098    32.6904     9.8442    25.0662    32.6941        231 0.0000e+00
       2032     9.8193     91.000  35.552389     1.7001     0.6283      1.365     3.5526    32.5379    25.0614     55.160     9.8093    32.6913     9.8436    25.0670    32.6950          6 0.0000e+00
       2036     9.8172     91.500  35.552941     1.7012     0.6245      1.354     3.5460    32.5401    25.0635     55.056     9.8071    32.6936     9.8415    25.0691    32.6972          4 0.0000e+00
       2040     9.8140     92.000  35.553288     1.7005     0.6225      1.356     3.5391    32.5432    25.0664     54.946     9.8038    32.6967     9.8381    25.0721    32.7004          4 0.0000e+00
       2043     9.8120     92.500  35.553148     1.6995     0.6262      1.346     3.5304    32.5447    25.0679     54.808     9.8018    32.6981     9.8360    25.0736    32.7018          3 0.0000e+00
       2046     9.8112     93.000  35.553154     1.6981     0.6293      1.345     3.5197    32.5452    25.0684     54.642     9.8009    32.6986     9.8352    25.0741    32.7023          2 0.0000e+00
       2048     9.8110     93.500  35.553330     1.6947     0.6211      1.345     3.5090    32.5453    25.0686     54.475     9.8007    32.6988     9.8349    25.0742    32.7025          3 0.0000e+00
       2050     9.8104     94.000  35.553339     1.6938     0.6111      1.351     3.5004    32.5456    25.0689     54.341     9.8000    32.6991     9.8342    25.0746    32.7028          2 0.0000e+00
       2053     9.8094     94.500  35.552916     1.6912     0.6034      1.362     3.4803    32.5459    25.0693     54.028     9.7990    32.6994     9.8331    25.0750    32.7032          2 0.0000e+00
       2055     9.8074     95.000  35.552055     1.6859     0.5995      1.378     3.4525    32.5466    25.0702     53.594     9.7969    32.7001     9.8311    25.0758    32.7037          2 0.0000e+00
       2057     9.8039     95.500  35.550251     1.6817     0.6005      1.380     3.4349    32.5477    25.0717     53.317     9.7934    32.7011     9.8275    25.0774    32.7049          2 0.0000e+00
       2059     9.7989     96.000  35.547721     1.6767     0.6026      1.382     3.4216    32.5495    25.0738     53.107     9.7883    32.7030     9.8224    25.0795    32.7067          2 0.0000e+00
       2060     9.7941     96.500  35.545901     1.6718     0.6044      1.393     3.4154    32.5517    25.0764     53.006     9.7834    32.7052     9.8175    25.0821    32.7090          2 0.0000e+00
       2062     9.7894     97.000  35.544744     1.6678     0.6058      1.413     3.4087    32.5545    25.0794     52.896     9.7787    32.7081     9.8126    25.0851    32.7119          2 0.0000e+00
       2064     9.7836     97.500  35.542472     1.6656     0.6062      1.439     3.4047    32.5573    25.0825     52.828     9.7728    32.7108     9.8067    25.0882    32.7147          2 0.0000e+00
       2066     9.7759     98.000  35.538365     1.6609     0.6071      1.469     3.3922    32.5598    25.0857     52.627     9.7651    32.7133     9.7990    25.0915    32.7172          2 0.0000e+00
       2069     9.7679     98.500  35.534138     1.6568     0.6117      1.507     3.3855    32.5625    25.0892     52.515     9.7570    32.7161     9.7908    25.0949    32.7199          2 0.0000e+00
       2071     9.7603     99.000  35.530414     1.6539     0.6161      1.562     3.3878    32.5654    25.0927     52.542     9.7494    32.7189     9.7830    25.0984    32.7228          3 0.0000e+00
       2073     9.7536     99.500  35.527185     1.6517     0.6211      1.630     3.3861    32.5679    25.0957     52.509     9.7427    32.7215     9.7763    25.1015    32.7254          2 0.0000e+00
       2076     9.7478    100.000  35.525147     1.6495     0.6219      1.702     3.3817    32.5708    25.0990     52.436     9.7368    32.7244     9.7704    25.1047    32.7283          3 0.0000e+00
       2079     9.7396    100.500  35.521829     1.6465     0.6184      1.762     3.3761    32.5746    25.1033     52.340     9.7286    32.7282     9.7621    25.1091    32.7322          3 0.0000e+00
       2106     9.7295    101.000  35.516374     1.6401     0.6226      1.847     3.3708    32.5780    25.1076     52.248     9.7184    32.7317     9.7518    25.1134    32.7356         69 0.0000e+00
       2236     9.7234    101.500  35.513694     1.6335     0.6478      2.023     3.3545    32.5806    25.1106     51.989     9.7123    32.7343     9.7455    25.1164    32.7382         22 0.0000e+00
