data/bam250036.cnv
* Sea-Bird SBE19plus  Data File:
* FileName = C:\Users\odl_guest\CTD\sbe19_7274\bamfield25_7274\hex\bam250036.hex
* Software version 2.8.0.119
* Temperature SN = 7274
* Conductivity SN = 7274
* System UpLoad Time = Feb 21 2025 20:17:07
* <ApplicationData>
* <Seaterm232>
** Station: Sarita river
** Depth: 124 m
** Latitude = 48 54.162 N
** Longitude = 125 01.639 W
** PST (Time) = Feb 21 2025 15:08:19
** Cruise: Bamfield25
** Comments:
# nquan = 18
# nvalues = 204                         
# units = specified
# name 0 = scan: Scan Count
# name 1 = tv290C: Temperature [ITS-90, deg C]
# name 2 = prdM: Pressure, Strain Gauge [db]
# name 3 = c0mS/cm: Conductivity [mS/cm]
# name 4 = sbeox0V: Oxygen raw, SBE 43 [V]
# name 5 = flECO-AFL: Fluorescence, WET Labs ECO-AFL/FL [mg/m^3]
# name 6 = seaTurbMtr: Turbidity, Seapoint [FTU]
# name 7 = sbeox0ML/L: Oxygen, SBE 43 [ml/l], WS = 2
# name 8 = sal00: Salinity, Practical [PSU]
# name 9 = sigma-é00: Density [sigma-theta, kg/m^3]
# name 10 = sbeox0PS: Oxygen, SBE 43 [% saturation], WS = 2
# name 11 = potemp090C: Potential Temperature [ITS-90, deg C]
# name 12 = gsw_srA0: Reference Salinity [g/kg]
# name 13 = gsw_ctA0: Conservative Temperature [ITS-90, deg C]
# name 14 = gsw_sigma0A0: density, TEOS-10 [sigma-0, kg/m^3 ]
# name 15 = gsw_saA0: Absolute Salinity [g/kg]
# name 16 = nbin: number of scans per bin
# name 17 = flag: flag
# span 0 =        524,       1646       
# span 1 =     8.1111,    10.2264       
# span 2 =      1.000,    102.500       
# span 3 =  31.317652,  35.777913       
# span 4 =     1.9777,     2.7220       
# span 5 =     0.6383,     5.7711       
# span 6 =     -0.035,      0.142       
# span 7 =     4.3433,     6.8367       
# span 8 =    29.6968,    32.5664       
# span 9 =    23.0965,    25.0788       
# span 10 =     67.577,    100.326      
# span 11 =     8.1090,    10.2200      
# span 12 =    29.8368,    32.7199      
# span 13 =     8.1597,    10.2591      
# span 14 =    23.1006,    25.0846      
# span 15 =    29.8401,    32.7239      
# span 16 =          1,        198      
# span 17 = 0.0000e+00, 0.0000e+00      
# interval = decibars: 0.5              
# start_time = Feb 21 2025 23:08:28 [Instrument's time stamp, header]
# bad_flag = -9.990e-29
*END*
[from data line 81]
        691     9.0744     41.500  34.114330     2.3236     2.8333 6.6972e-40     5.3107    31.7538    24.5664     80.704     9.0701    31.9035     9.1157    24.5707    31.9061          2 0.0000e+00
        693     9.1101     42.000  34.161480     2.3087     2.7728 1.0857e-39     5.2287    31.7704    24.5739     79.531     9.1058    31.9202     9.1511    24.5783    31.9228          2 0.0000e+00
        695     9.1396     42.500  34.199003     2.2907     2.7110 1.7630e-39     5.1696    31.7826    24.5789     78.689     9.1352    31.9325     9.1805    24.5832    31.9350          2 0.0000e+00
        697     9.1664     43.000  34.231874     2.2768     2.6553 2.8676e-39     5.1431    31.7924    24.5824     78.338     9.1619    31.9423     9.2071    24.5868    31.9449          2 0.0000e+00
        699     9.1965     43.500  34.268210     2.2651     2.5904 4.5321e-39     5.1233    31.8028    24.5858     78.092     9.1920    31.9528     9.2371    24.5902    31.9553          1 0.0000e+00
        701     9.2433     44.000  34.324017     2.2544     2.4888 7.2797e-39     5.0945    31.8183    24.5907     77.743     9.2387    31.9683     9.2838    24.5951    31.9709          2 0.0000e+00
        703     9.3281     44.500  34.429282     2.2409     2.3269 1.1826e-38     5.0400    31.8509    24.6028     77.072     9.3234    32.0010     9.3682    24.6073    32.0036          2 0.0000e+00
        705     9.4518     45.000  34.603043     2.2313     2.1593 1.9325e-38     4.9996    31.9187    24.6363     76.696     9.4469    32.0692     9.4911    24.6408    32.0717          2 0.0000e+00
        707     9.5614     45.500  34.765316     2.2185     2.0415 3.1549e-38     4.9545    31.9868    24.6720     76.222     9.5565    32.1376     9.5998    24.6766    32.1402          2 0.0000e+00
        709     9.6287     46.000  34.848912     2.2088     1.9468 5.1542e-38     4.9274    32.0119    24.6808     75.928     9.6237    32.1628     9.6668    24.6855    32.1654          2 0.0000e+00
        711     9.6735     46.500  34.901128     2.1991     1.8597 8.4321e-38     4.9133    32.0250    24.6838     75.792     9.6684    32.1760     9.7115    24.6885    32.1786          2 0.0000e+00
        713     9.7206     47.000  34.959469     2.1908     1.7879 1.3879e-37     4.9048    32.0423    24.6897     75.748     9.7155    32.1933     9.7584    24.6944    32.1959          2 0.0000e+00
        715     9.7881     47.500  35.052778     2.1853     1.7301 2.3144e-37     4.9031    32.0769    24.7058     75.851     9.7828    32.2282     9.8254    24.7105    32.2307          2 0.0000e+00
        717     9.8741     48.000  35.180850     2.1819     1.6825 3.9345e-37     4.9018    32.1301    24.7333     76.001     9.8688    32.2816     9.9107    24.7381    32.2841          2 0.0000e+00
        719     9.9533     48.500  35.295499     2.1794     1.6425 7.2832e-37     4.8984    32.1755    24.7558     76.101     9.9479    32.3273     9.9892    24.7607    32.3299          3 0.0000e+00
        722    10.0113     49.000  35.372203     2.1779     1.6423 1.6620e-36     4.9010    32.2013    24.7663     76.250    10.0058    32.3531    10.0469    24.7712    32.3557          4 0.0000e+00
        788    10.0566     49.500  35.433094     2.1682     1.5119 8.4969e-20     4.8724    32.2222    24.7752     75.891    10.0511    32.3742    10.0919    24.7801    32.3768        167 0.0000e+00
        913    10.0665     50.000  35.446833     2.1999     1.2716 1.5331e-17     4.9935    32.2272    24.7774     77.796    10.0609    32.3791    10.1017    24.7823    32.3817          7 0.0000e+00
        900    10.1240     50.500  35.519967     2.1947     1.2214 4.1438e-17     4.9312    32.2495    24.7853     76.933    10.1183    32.4016    10.1589    24.7902    32.4042          3 0.0000e+00
        903    10.1549     51.000  35.557534     2.1931     1.1652 8.3891e-17     4.9147    32.2596    24.7880     76.732    10.1492    32.4118    10.1897    24.7930    32.4144          3 0.0000e+00
        905    10.1716     51.500  35.578983     2.1906     1.1553 1.4926e-16     4.9001    32.2662    24.7904     76.536    10.1658    32.4183    10.2063    24.7954    32.4209          2 0.0000e+00
        907    10.1841     52.000  35.600824     2.1879     1.1869 2.5144e-16     4.8904    32.2769    24.7966     76.410    10.1783    32.4291    10.2185    24.8016    32.4317          2 0.0000e+00
        909    10.1951     52.500  35.624874     2.1859     1.2568 4.1550e-16     4.8891    32.2911    24.8059     76.414    10.1892    32.4433    10.2292    24.8109    32.4460          2 0.0000e+00
        911    10.2032     53.000  35.641698     2.1846     1.2182 6.7836e-16     4.8858    32.3006    24.8119     76.380    10.1972    32.4529    10.2371    24.8170    32.4556          2 0.0000e+00
        913    10.2091     53.500  35.653527     2.1837     1.1301 1.1015e-15     4.8823    32.3071    24.8160     76.339    10.2030    32.4594    10.2428    24.8211    32.4621          2 0.0000e+00
        915    10.2140     54.000  35.664363     2.1809     1.0542 1.7298e-15     4.8711    32.3134    24.8201     76.176    10.2079    32.4657    10.2476    24.8252    32.4684          1 0.0000e+00
        917    10.2187     54.500  35.677733     2.1809     0.9777 2.7501e-15     4.8662    32.3225    24.8264     76.111    10.2125    32.4748    10.2521    24.8315    32.4775          2 0.0000e+00
        919    10.2219     55.000  35.689373     2.1777     0.9114 4.4237e-15     4.8540    32.3311    24.8327     75.930    10.2157    32.4836    10.2550    24.8377    32.4863          2 0.0000e+00
        921    10.2240     55.500  35.697238     2.1751     0.8723 7.1590e-15     4.8422    32.3369    24.8368     75.751    10.2178    32.4894    10.2571    24.8419    32.4921          2 0.0000e+00
        923    10.2256     56.000  35.703805     2.1729     0.8409 1.1633e-14     4.8350    32.3419    24.8405     75.643    10.2193    32.4944    10.2584    24.8456    32.4972          2 0.0000e+00
        925    10.2263     56.500  35.708970     2.1697     0.8153 1.9028e-14     4.8235    32.3463    24.8437     75.467    10.2199    32.4988    10.2591    24.8488    32.5015          2 0.0000e+00
        927    10.2264     57.000  35.714064     2.1664     0.7932 3.1301e-14     4.8135    32.3511    24.8475     75.312    10.2200    32.5036    10.2589    24.8526    32.5064          2 0.0000e+00
        929    10.2263     57.500  35.718882     2.1629     0.7751 5.1503e-14     4.8070    32.3558    24.8512     75.213    10.2198    32.5084    10.2587    24.8563    32.5112          2 0.0000e+00
        930    10.2263     58.000  35.723674     2.1607     0.7627 8.4673e-14     4.8081    32.3603    24.8548     75.233    10.2198    32.5129    10.2586    24.8599    32.5157          2 0.0000e+00
        932    10.2264     58.500  35.728980     2.1590     0.7513 1.3926e-13     4.8067    32.3655    24.8588     75.213    10.2198    32.5181    10.2585    24.8639    32.5209          2 0.0000e+00
        934    10.2259     59.000  35.733495     2.1574     0.7428 2.2893e-13     4.8045    32.3702    24.8626     75.180    10.2192    32.5229    10.2579    24.8677    32.5257          2 0.0000e+00
        936    10.2252     59.500  35.736917     2.1558     0.7385 3.7369e-13     4.7973    32.3740    24.8656     75.068    10.2185    32.5267    10.2571    24.8708    32.5295          2 0.0000e+00
        938    10.2248     60.000  35.740260     2.1542     0.7426 6.0419e-13     4.7919    32.3776    24.8685     74.985    10.2180    32.5303    10.2566    24.8736    32.5331          2 0.0000e+00
        940    10.2248     60.500  35.744094     2.1516     0.7497 9.7088e-13     4.7859    32.3812    24.8713     74.893    10.2180    32.5339    10.2565    24.8765    32.5367          2 0.0000e+00
        942    10.2251     61.000  35.747517     2.1496     0.7514 1.5119e-12     4.7820    32.3842    24.8736     74.834    10.2182    32.5370    10.2566    24.8788    32.5398          1 0.0000e+00
        944    10.2255     61.500  35.750199     2.1498     0.7428 2.3917e-12     4.7838    32.3864    24.8753     74.864    10.2185    32.5391    10.2568    24.8804    32.5419          2 0.0000e+00
        946    10.2257     62.000  35.752464     2.1468     0.7349 3.8361e-12     4.7752    32.3882    24.8767     74.730    10.2187    32.5410    10.2570    24.8819    32.5438          2 0.0000e+00
        948    10.2256     62.500  35.754637     2.1451     0.7308 6.1913e-12     4.7727    32.3903    24.8783     74.693    10.2185    32.5430    10.2568    24.8835    32.5459          2 0.0000e+00
        949    10.2248     63.000  35.757109     2.1443     0.7269 9.9810e-12     4.7792    32.3933    24.8807     74.793    10.2177    32.5460    10.2559    24.8859    32.5489          2 0.0000e+00
        951    10.2234     63.500  35.759840     2.1441     0.7236 1.6046e-11     4.7835    32.3970    24.8839     74.861    10.2163    32.5498    10.2544    24.8891    32.5527          2 0.0000e+00
        953    10.2219     64.000  35.761946     2.1442     0.7230 2.5750e-11     4.7832    32.4003    24.8867     74.855    10.2147    32.5531    10.2528    24.8920    32.5560          2 0.0000e+00
        955    10.2207     64.500  35.763382     2.1440     0.7262 3.9998e-11     4.7788    32.4026    24.8888     74.785    10.2134    32.5554    10.2514    24.8940    32.5583          1 0.0000e+00
        957    10.2198     65.000  35.764290     2.1431     0.7308 6.2913e-11     4.7734    32.4040    24.8900     74.700    10.2125    32.5568    10.2505    24.8954    32.5598          2 0.0000e+00
        959    10.2193     65.500  35.765044     2.1413     0.7330 1.0026e-10     4.7606    32.4051    24.8909     74.500    10.2119    32.5579    10.2499    24.8962    32.5609          2 0.0000e+00
        961    10.2190     66.000  35.765640     2.1409     0.7386 1.6046e-10     4.7552    32.4057    24.8915     74.415    10.2116    32.5585    10.2495    24.8968    32.5615          2 0.0000e+00
        962    10.2189     66.500  35.766134     2.1370     0.7377 2.5716e-10     4.7428    32.4061    24.8918     74.222    10.2114    32.5589    10.2494    24.8971    32.5619          2 0.0000e+00
        964    10.2188     67.000  35.766651     2.1352     0.7315 4.1434e-10     4.7400    32.4065    24.8922     74.178    10.2112    32.5593    10.2492    24.8975    32.5623          2 0.0000e+00
        966    10.2186     67.500  35.767284     2.1337     0.7248 6.7557e-10     4.7421    32.4071    24.8927     74.210    10.2110    32.5599    10.2489    24.8980    32.5629          2 0.0000e+00
        968    10.2182     68.000  35.768024     2.1320     0.7225 1.1275e-09     4.7448    32.4080    24.8935     74.252    10.2105    32.5608    10.2484    24.8988    32.5639          2 0.0000e+00
        970    10.2169     68.500  35.769137     2.1316     0.7251 1.9651e-09     4.7529    32.4101    24.8953     74.378    10.2092    32.5629    10.2471    24.9006    32.5659          2 0.0000e+00
        973    10.2138     69.000  35.771537     2.1325     0.7286 4.2932e-09     4.7575    32.4150    24.8997     74.446    10.2060    32.5679    10.2438    24.9050    32.5709          4 0.0000e+00
       1049    10.2087     69.500  35.772431     2.1274     0.7699      0.142     4.7421    32.4203    24.9046     74.201    10.2009    32.5731    10.2386    24.9099    32.5762        198 0.0000e+00
       1197    10.2095     70.000  35.773168     2.1187     0.8212     -0.035     4.6868    32.4201    24.9044     73.336    10.2016    32.5730    10.2392    24.9097    32.5760          8 0.0000e+00
       1183    10.2033     70.500  35.776939     2.1130     0.7836 9.2822e-14     4.6736    32.4292    24.9125     73.124    10.1954    32.5821    10.2329    24.9178    32.5852          3 0.0000e+00
       1186    10.1975     71.000  35.777913     2.1093     0.7787 4.0466e-14     4.6608    32.4352    24.9182     72.917    10.1894    32.5882    10.2268    24.9235    32.5912          3 0.0000e+00
       1188    10.1923     71.500  35.777691     2.1047     0.7703 2.0345e-14     4.6469    32.4394    24.9224     72.693    10.1842    32.5924    10.2215    24.9277    32.5955          2 0.0000e+00
       1191    10.1877     72.000  35.777029     2.1016     0.7577 1.0950e-14     4.6376    32.4426    24.9256     72.543    10.1796    32.5956    10.2168    24.9310    32.5987          3 0.0000e+00
       1193    10.1836     72.500  35.776313     2.0980     0.7545 5.8797e-15     4.6290    32.4454    24.9285     72.402    10.1754    32.5984    10.2126    24.9338    32.6015          2 0.0000e+00
       1196    10.1795     73.000  35.775271     2.0937     0.7610 3.0647e-15     4.6207    32.4477    24.9310     72.268    10.1713    32.6008    10.2084    24.9364    32.6039          2 0.0000e+00
       1198    10.1743     73.500  35.773776     2.0917     0.7534 1.6938e-15     4.6178    32.4507    24.9343     72.216    10.1660    32.6037    10.2030    24.9396    32.6069          3 0.0000e+00
       1201    10.1671     74.000  35.772239     2.0884     0.7422 9.2294e-16     4.6104    32.4553    24.9390     72.090    10.1588    32.6084    10.1957    24.9444    32.6115          2 0.0000e+00
       1203    10.1584     74.500  35.770215     2.0862     0.7410 5.1856e-16     4.6040    32.4609    24.9449     71.978    10.1500    32.6140    10.1868    24.9502    32.6171          3 0.0000e+00
       1205    10.1512     75.000  35.768542     2.0830     0.7324 2.8228e-16     4.5976    32.4654    24.9496     71.869    10.1428    32.6185    10.1794    24.9550    32.6217          2 0.0000e+00
       1208    10.1460     75.500  35.767559     2.0801     0.7259 1.4702e-16     4.5984    32.4689    24.9531     71.877    10.1375    32.6220    10.1741    24.9585    32.6251          2 0.0000e+00
       1210    10.1419     76.000  35.766557     2.0794     0.7256 8.1058e-17     4.6107    32.4713    24.9558     72.063    10.1333    32.6244    10.1699    24.9612    32.6276          3 0.0000e+00
       1213    10.1379     76.500  35.765017     2.0802     0.7290 4.3650e-17     4.6187    32.4732    24.9579     72.182    10.1293    32.6263    10.1658    24.9633    32.6295          2 0.0000e+00
       1215    10.1350     77.000  35.764003     2.0805     0.7402 2.4301e-17     4.6158    32.4745    24.9594     72.134    10.1264    32.6276    10.1628    24.9648    32.6308          3 0.0000e+00
       1217    10.1334     77.500  35.763530     2.0799     0.7414 1.3327e-17     4.6102    32.4753    24.9603     72.044    10.1247    32.6284    10.1611    24.9657    32.6316          2 0.0000e+00
       1220    10.1322     78.000  35.763328     2.0786     0.7385 7.1895e-18     4.5991    32.4759    24.9610     71.868    10.1234    32.6290    10.1599    24.9664    32.6322          2 0.0000e+00
       1222    10.1307     78.500  35.762825     2.0776     0.7365 4.1277e-18     4.5958    32.4765    24.9617     71.815    10.1219    32.6296    10.1583    24.9672    32.6329          3 0.0000e+00
       1224    10.1289     79.000  35.761954     2.0752     0.7253 2.3005e-18     4.5889    32.4771    24.9625     71.705    10.1200    32.6302    10.1564    24.9680    32.6335          2 0.0000e+00
       1227    10.1272     79.500  35.761571     2.0751     0.7156 1.2317e-18     4.5931    32.4779    24.9634     71.768    10.1183    32.6311    10.1546    24.9689    32.6344          2 0.0000e+00
       1229    10.1254     80.000  35.761206     2.0728     0.7096 6.9444e-19     4.5840    32.4790    24.9646     71.623    10.1164    32.6322    10.1527    24.9701    32.6355          3 0.0000e+00
       1232    10.1223     80.500  35.759653     2.0714     0.7011 3.7938e-19     4.5854    32.4800    24.9659     71.640    10.1132    32.6332    10.1495    24.9714    32.6365          2 0.0000e+00
