data/bam250035.cnv
* Sea-Bird SBE19plus  Data File:
* FileName = C:\Users\odl_guest\CTD\sbe19_7274\bamfield25_7274\hex\bam250035.hex
* Software version 2.8.0.119
* Temperature SN = 7274
* Conductivity SN = 7274
* System UpLoad Time = Feb 21 2025 20:11:38
* <ApplicationData>
* <Seaterm232>
** Station: Carnation creek
** Depth: 113 m
** Latitude = 48 54.858 N
** Longitude = 125 01.297 W
** PST (Time) = Feb 21 2025 14:37:13
** Cruise: Bamfield25
** Comments:
# nquan = 18
# nvalues = 198                         
# units = specified
# name 0 = scan: Scan Count
# name 1 = tv290C: Temperature [ITS-90, deg C]
# name 2 = prdM: Pressure, Strain Gauge [db]
# name 3 = c0mS/cm: Conductivity [mS/cm]
# name 4 = sbeox0V: Oxygen raw, SBE 43 [V]
# name 5 = flECO-AFL: Fluorescence, WET Labs ECO-AFL/FL [mg/m^3]
# name 6 = seaTurbMtr: Turbidity, Seapoint [FTU]
# name 7 = sbeox0ML/L: Oxygen, SBE 43 [ml/l], WS = 2
# name 8 = sal00: Salinity, Practical [PSU]
# name 9 = sigma-é00: Density [sigma-theta, kg/m^3]
# name 10 = sbeox0PS: Oxygen, SBE 43 [% saturation], WS = 2
# name 11 = potemp090C: Potential Temperature [ITS-90, deg C]
# name 12 = gsw_srA0: Reference Salinity [g/kg]
# name 13 = gsw_ctA0: Conservative Temperature [ITS-90, deg C]
# name 14 = gsw_sigma0A0: density, TEOS-10 [sigma-0, kg/m^3 ]
# name 15 = gsw_saA0: Absolute Salinity [g/kg]
# name 16 = nbin: number of scans per bin
# name 17 = flag: flag
# span 0 =        523,       1632       
# span 1 =     7.9211,    10.2414       
# span 2 =      1.000,     99.500       
# span 3 =  30.275287,  35.790445       
# span 4 =     2.0012,     2.7316       
# span 5 =     0.7391,     5.2276       
# span 6 =     -0.003,      0.216       
# span 7 =     4.4108,     6.9242       
# span 8 =    28.7248,    32.5380       
# span 9 =    22.3544,    25.0352       
# span 10 =     68.732,    100.617      
# span 11 =     7.9194,    10.2344      
# span 12 =    28.8603,    32.6914      
# span 13 =     7.9706,    10.2729      
# span 14 =    22.3580,    25.0411      
# span 15 =    28.8635,    32.6953      
# span 16 =          1,        196      
# span 17 = 0.0000e+00, 0.0000e+00      
# interval = decibars: 0.5              
# start_time = Feb 21 2025 22:37:23 [Instrument's time stamp, header]
# bad_flag = -9.990e-29
*END*
[from data line 161]
       1276    10.1244     81.500  35.765946     2.0614     0.8283 1.3130e-24     4.5493    32.4840    24.9687     71.081    10.1152    32.6372    10.1515    24.9742    32.6405          3 0.0000e+00
       1278    10.1225     82.000  35.765406     2.0591     0.8360 7.7580e-25     4.5413    32.4850    24.9698     70.954    10.1133    32.6382    10.1495    24.9753    32.6415          2 0.0000e+00
       1280    10.1214     82.500  35.765120     2.0567     0.8521 4.4225e-25     4.5370    32.4855    24.9704     70.886    10.1121    32.6387    10.1483    24.9759    32.6421          2 0.0000e+00
       1282    10.1206     83.000  35.764930     2.0565     0.8774 2.5357e-25     4.5444    32.4857    24.9707     71.000    10.1113    32.6389    10.1475    24.9763    32.6423          2 0.0000e+00
       1285    10.1195     83.500  35.764630     2.0555     0.8787 1.4337e-25     4.5466    32.4862    24.9713     71.033    10.1101    32.6394    10.1463    24.9768    32.6428          2 0.0000e+00
       1287    10.1172     84.000  35.763777     2.0554     0.8553 8.4944e-26     4.5516    32.4872    24.9724     71.108    10.1078    32.6403    10.1439    24.9780    32.6438          3 0.0000e+00
       1289    10.1133     84.500  35.762131     2.0561     0.8352 4.8837e-26     4.5557    32.4889    24.9744     71.167    10.1038    32.6420    10.1399    24.9800    32.6455          2 0.0000e+00
       1291    10.1083     85.000  35.760077     2.0569     0.8248 2.6941e-26     4.5557    32.4910    24.9769     71.160    10.0987    32.6442    10.1348    24.9825    32.6476          2 0.0000e+00
       1294    10.1037     85.500  35.758426     2.0559     0.8253 1.4566e-26     4.5427    32.4933    24.9795     70.950    10.0941    32.6465    10.1300    24.9851    32.6500          2 0.0000e+00
       1296    10.0996     86.000  35.757315     2.0538     0.8253 8.1237e-27     4.5346    32.4956    24.9819     70.820    10.0900    32.6488    10.1259    24.9876    32.6523          3 0.0000e+00
       1299    10.0958     86.500  35.756235     2.0537     0.8154 4.3983e-27     4.5334    32.4977    24.9842     70.795    10.0861    32.6510    10.1220    24.9898    32.6544          2 0.0000e+00
       1301    10.0925     87.000  35.755292     2.0508     0.8064 2.4305e-27     4.5287    32.4995    24.9862     70.719    10.0827    32.6528    10.1186    24.9919    32.6563          3 0.0000e+00
       1304    10.0895     87.500  35.754208     2.0498     0.8020 1.2567e-27     4.5329    32.5009    24.9877     70.780    10.0797    32.6541    10.1155    24.9934    32.6577          2 0.0000e+00
       1306    10.0862     88.000  35.752618     2.0497     0.7992 6.3294e-28     4.5386    32.5020    24.9892     70.864    10.0763    32.6553    10.1121    24.9948    32.6588          3 0.0000e+00
       1309    10.0811     88.500  35.749683     2.0497     0.7984 3.1209e-28     4.5335    32.5034    24.9912     70.777    10.0712    32.6567    10.1069    24.9968    32.6602          4 0.0000e+00
       1401    10.0754     89.000  35.746278     2.0496     0.8063 4.1167e-29     4.5383    32.5049    24.9933     70.844    10.0654    32.6582    10.1011    24.9990    32.6617        171 0.0000e+00
       1587    10.0650     89.500  35.741013     2.0341     0.7911 -3.042e-31     4.4671    32.5087    24.9979     69.719    10.0550    32.6619    10.0906    25.0036    32.6655          4 0.0000e+00
       1578    10.0605     90.000  35.738978     2.0316     0.7777 3.2438e-44     4.4693    32.5105    25.0001     69.746    10.0504    32.6638    10.0860    25.0058    32.6674          3 0.0000e+00
       1580    10.0570     90.500  35.737934     2.0303     0.7764 6.0195e-44     4.4648    32.5123    25.0022     69.673    10.0469    32.6656    10.0824    25.0079    32.6692          2 0.0000e+00
       1583    10.0533     91.000  35.736304     2.0272     0.7786 1.0664e-43     4.4506    32.5138    25.0040     69.444    10.0431    32.6672    10.0786    25.0097    32.6708          2 0.0000e+00
       1585    10.0483     91.500  35.733703     2.0242     0.7853 1.9406e-43     4.4441    32.5155    25.0061     69.338    10.0380    32.6688    10.0734    25.0118    32.6725          3 0.0000e+00
       1587    10.0429     92.000  35.730983     2.0219     0.7925 3.4024e-43     4.4440    32.5173    25.0085     69.328    10.0326    32.6706    10.0680    25.0142    32.6743          2 0.0000e+00
       1589    10.0377     92.500  35.728331     2.0201     0.7924 5.7751e-43     4.4429    32.5191    25.0108     69.303    10.0273    32.6724    10.0626    25.0165    32.6761          2 0.0000e+00
       1591    10.0329     93.000  35.725869     2.0191     0.7937 9.7223e-43     4.4460    32.5207    25.0128     69.345    10.0225    32.6741    10.0577    25.0186    32.6778          2 0.0000e+00
       1593    10.0287     93.500  35.723910     2.0175     0.8051 1.6235e-42     4.4479    32.5222    25.0147     69.370    10.0182    32.6756    10.0535    25.0204    32.6793          2 0.0000e+00
       1595    10.0249     94.000  35.722006     2.0181     0.8147 2.6938e-42     4.4532    32.5236    25.0164     69.446    10.0144    32.6769    10.0496    25.0221    32.6806          2 0.0000e+00
       1597    10.0213     94.500  35.720149     2.0177     0.8180 4.4533e-42     4.4503    32.5247    25.0178     69.397    10.0107    32.6780    10.0459    25.0236    32.6818          2 0.0000e+00
       1599    10.0178     95.000  35.718461     2.0174     0.8190 7.3385e-42     4.4435    32.5259    25.0194     69.285    10.0072    32.6793    10.0423    25.0252    32.6831          2 0.0000e+00
       1601    10.0140     95.500  35.716540     2.0159     0.8245 1.2079e-41     4.4349    32.5272    25.0210     69.148    10.0033    32.6806    10.0384    25.0268    32.6843          2 0.0000e+00
       1603    10.0097     96.000  35.714162     2.0141     0.8274 1.9918e-41     4.4302    32.5284    25.0227     69.068     9.9989    32.6818    10.0340    25.0285    32.6856          2 0.0000e+00
       1605    10.0053     96.500  35.711755     2.0121     0.8184 3.3065e-41     4.4251    32.5297    25.0245     68.982     9.9945    32.6831    10.0296    25.0303    32.6869          2 0.0000e+00
       1608    10.0016     97.000  35.709929     2.0119     0.8052 5.5278e-41     4.4280    32.5310    25.0260     69.022     9.9908    32.6844    10.0258    25.0319    32.6882          2 0.0000e+00
       1610     9.9990     97.500  35.708736     2.0096     0.8066 9.3277e-41     4.4204    32.5319    25.0273     68.900     9.9880    32.6853    10.0230    25.0331    32.6892          2 0.0000e+00
       1612     9.9956     98.000  35.707197     2.0088     0.8140 1.6835e-40     4.4197    32.5331    25.0287     68.884     9.9847    32.6865    10.0197    25.0346    32.6904          3 0.0000e+00
       1614     9.9902     98.500  35.703985     2.0062     0.8133 3.0878e-40     4.4146    32.5345    25.0307     68.799     9.9792    32.6880    10.0141    25.0366    32.6918          2 0.0000e+00
       1618     9.9842     99.000  35.700775     2.0052     0.7926 7.7282e-40     4.4108    32.5364    25.0332     68.732     9.9732    32.6899    10.0080    25.0391    32.6937          5 0.0000e+00
       1632     9.9798     99.500  35.698564     2.0012     0.7391 3.3821e-38     4.4145    32.5380    25.0352     68.783     9.9687    32.6914    10.0035    25.0411    32.6953         18 0.0000e+00
