data/bam250034.cnv
* Sea-Bird SBE19plus  Data File:
* FileName = C:\Users\odl_guest\CTD\sbe19_7274\bamfield25_7274\hex\bam250034.hex
* Software version 2.8.0.119
* Temperature SN = 7274
* Conductivity SN = 7274
* System UpLoad Time = Feb 21 2025 20:04:18
* <ApplicationData>
* <Seaterm232>
** Station: ctrl
** Depth: 114 m
** Latitude = 48 52.586 N
** Longitude = 125 07.628 W
** PST (Time) = Feb 21 2025 13:28:18
** Cruise: Bamfield25
** Comments:
# nquan = 18
# nvalues = 202                         
# units = specified
# name 0 = scan: Scan Count
# name 1 = tv290C: Temperature [ITS-90, deg C]
# name 2 = prdM: Pressure, Strain Gauge [db]
# name 3 = c0mS/cm: Conductivity [mS/cm]
# name 4 = sbeox0V: Oxygen raw, SBE 43 [V]
# name 5 = flECO-AFL: Fluorescence, WET Labs ECO-AFL/FL [mg/m^3]
# name 6 = seaTurbMtr: Turbidity, Seapoint [FTU]
# name 7 = sbeox0ML/L: Oxygen, SBE 43 [ml/l], WS = 2
# name 8 = sal00: Salinity, Practical [PSU]
# name 9 = sigma-é00: Density [sigma-theta, kg/m^3]
# name 10 = sbeox0PS: Oxygen, SBE 43 [% saturation], WS = 2
# name 11 = potemp090C: Potential Temperature [ITS-90, deg C]
# name 12 = gsw_srA0: Reference Salinity [g/kg]
# name 13 = gsw_ctA0: Conservative Temperature [ITS-90, deg C]
# name 14 = gsw_sigma0A0: density, TEOS-10 [sigma-0, kg/m^3 ]
# name 15 = gsw_saA0: Absolute Salinity [g/kg]
# name 16 = nbin: number of scans per bin
# name 17 = flag: flag
# span 0 =        516,       2236       
# span 1 =     7.4427,    10.0926       
# span 2 =      1.000,    101.500       
# span 3 =  26.582435,  35.626549       
# span 4 =     1.6335,     2.7856       
# span 5 =     0.5995,     7.9364       
# span 6 =     -0.007,      2.023       
# span 7 =     3.3545,     7.2825       
# span 8 =    24.9680,    32.5806       
# span 9 =    19.4256,    25.1106       
# span 10 =     51.989,    103.023      
# span 11 =     7.4421,    10.0861      
# span 12 =    25.0858,    32.7343      
# span 13 =     7.4932,    10.1247      
# span 14 =    19.4277,    25.1164      
# span 15 =    25.0886,    32.7382      
# span 16 =          1,        628      
# span 17 = 0.0000e+00, 0.0000e+00      
# interval = decibars: 0.5              
# start_time = Feb 21 2025 21:28:18 [Instrument's time stamp, header]
# bad_flag = -9.990e-29
*END*
[from data line 81]
        693     9.0868     41.500  34.170750     2.2230     1.7625 5.1724e-41     4.9445    31.8010    24.6014     75.184     9.0825    31.9510     9.1273    24.6057    31.9535          2 0.0000e+00
        695     9.1473     42.000  34.249729     2.2024     1.6943 8.9200e-41     4.8571    31.8283    24.6134     73.967     9.1429    31.9784     9.1874    24.6178    31.9810          2 0.0000e+00
        698     9.2130     42.500  34.339033     2.1780     1.6136 1.5549e-40     4.7806    31.8615    24.6291     72.925     9.2086    32.0117     9.2528    24.6335    32.0143          2 0.0000e+00
        700     9.2732     43.000  34.423110     2.1579     1.5339 2.6573e-40     4.7433    31.8941    24.6451     72.466     9.2687    32.0445     9.3126    24.6496    32.0470          2 0.0000e+00
        702     9.3246     43.500  34.489394     2.1430     1.4590 4.4056e-40     4.7253    31.9162    24.6543     72.284     9.3199    32.0666     9.3637    24.6589    32.0692          2 0.0000e+00
        704     9.3807     44.000  34.561807     2.1310     1.3914 7.1784e-40     4.7190    31.9402    24.6643     72.287     9.3760    32.0908     9.4195    24.6688    32.0933          2 0.0000e+00
        706     9.4479     44.500  34.650802     2.1210     1.3273 1.1643e-39     4.7036    31.9712    24.6779     72.172     9.4432    32.1220     9.4864    24.6825    32.1245          2 0.0000e+00
        708     9.5259     45.000  34.757073     2.1158     1.2662 1.9032e-39     4.6953    32.0101    24.6959     72.189     9.5211    32.1611     9.5639    24.7005    32.1636          2 0.0000e+00
        710     9.6092     45.500  34.871527     2.1071     1.2155 3.1537e-39     4.6693    32.0525    24.7156     71.940     9.6043    32.2037     9.6467    24.7203    32.2062          2 0.0000e+00
        712     9.6793     46.000  34.968225     2.1003     1.1791 5.2972e-39     4.6483    32.0885    24.7324     71.743     9.6742    32.2397     9.7162    24.7371    32.2423          2 0.0000e+00
        714     9.7217     46.500  35.019282     2.0953     1.1553 8.9520e-39     4.6361    32.1023    24.7364     71.628     9.7167    32.2537     9.7586    24.7411    32.2563          2 0.0000e+00
        716     9.7458     47.000  35.046026     2.0891     1.1442 1.5096e-38     4.6220    32.1078    24.7369     71.450     9.7407    32.2592     9.7826    24.7416    32.2618          2 0.0000e+00
        718     9.7652     47.500  35.069848     2.0835     1.1252 2.6510e-38     4.6152    32.1146    24.7390     71.379     9.7600    32.2660     9.8018    24.7437    32.2686          3 0.0000e+00
        720     9.7895     48.000  35.100778     2.0815     1.0915 4.5254e-38     4.6155    32.1241    24.7425     71.426     9.7843    32.2756     9.8260    24.7472    32.2782          2 0.0000e+00
        722     9.8193     48.500  35.139918     2.0778     1.0611 7.5605e-38     4.6079    32.1371    24.7477     71.361     9.8140    32.2886     9.8556    24.7525    32.2912          2 0.0000e+00
        724     9.8566     49.000  35.189078     2.0749     1.0361 1.2804e-37     4.5998    32.1535    24.7545     71.301     9.8512    32.3052     9.8926    24.7593    32.3078          2 0.0000e+00
        727     9.9036     49.500  35.249603     2.0735     1.0147 2.2281e-37     4.6034    32.1729    24.7619     71.439     9.8981    32.3246     9.9393    24.7667    32.3271          2 0.0000e+00
        729     9.9551     50.000  35.318626     2.0725     0.9895 4.7349e-37     4.5990    32.1966    24.7720     71.462     9.9496    32.3485     9.9906    24.7768    32.3511          4 0.0000e+00
        814     9.9970     50.500  35.371665     2.0656     0.9999 4.6186e-16     4.5787    32.2128    24.7777     71.220     9.9914    32.3647    10.0322    24.7825    32.3673        207 0.0000e+00
        969    10.0181     51.000  35.399971     2.0505     0.9700 1.4169e-13     4.5006    32.2224    24.7817     70.042    10.0124    32.3744    10.0531    24.7866    32.3770          9 0.0000e+00
        950    10.0161     51.500  35.398612     2.0418     0.9785 5.8850e-13     4.4698    32.2226    24.7822     69.558    10.0104    32.3746    10.0511    24.7871    32.3772          5 0.0000e+00
        954    10.0120     52.000  35.398210     2.0343     0.9805 1.5353e-12     4.4396    32.2257    24.7853     69.085    10.0062    32.3777    10.0468    24.7902    32.3803          3 0.0000e+00
        958    10.0135     52.500  35.407389     2.0252     0.9905 3.8149e-12     4.4066    32.2334    24.7911     68.576    10.0076    32.3854    10.0481    24.7960    32.3881          4 0.0000e+00
        961    10.0229     53.000  35.427793     2.0171     0.9585 8.8837e-12     4.3826    32.2454    24.7989     68.222    10.0170    32.3975    10.0573    24.8038    32.4001          3 0.0000e+00
        964    10.0295     53.500  35.441494     2.0089     0.9309 1.9626e-11     4.3531    32.2532    24.8039     67.777    10.0235    32.4053    10.0637    24.8088    32.4080          3 0.0000e+00
        967    10.0304     54.000  35.448350     2.0001     0.9049 4.2065e-11     4.3284    32.2591    24.8084     67.396    10.0244    32.4112    10.0644    24.8133    32.4139          3 0.0000e+00
        970    10.0327     54.500  35.458851     1.9933     0.8805 8.6774e-11     4.3227    32.2675    24.8145     67.313    10.0266    32.4196    10.0666    24.8195    32.4223          3 0.0000e+00
        973    10.0430     55.000  35.482216     1.9892     0.8576 1.7186e-10     4.3134    32.2816    24.8239     67.190    10.0369    32.4339    10.0766    24.8289    32.4366          3 0.0000e+00
        975    10.0510     55.500  35.503445     1.9842     0.8372 3.1565e-10     4.2925    32.2958    24.8336     66.881    10.0448    32.4481    10.0843    24.8386    32.4508          2 0.0000e+00
        978    10.0559     56.000  35.517421     1.9801     0.8146 5.5496e-10     4.2697    32.3053    24.8402     66.537    10.0496    32.4576    10.0889    24.8452    32.4603          2 0.0000e+00
        980    10.0667     56.500  35.542222     1.9731     0.7899 9.5074e-10     4.2354    32.3205    24.8503     66.025    10.0604    32.4729    10.0994    24.8553    32.4757          2 0.0000e+00
        982    10.0771     57.000  35.562738     1.9661     0.7690 1.6026e-09     4.2051    32.3317    24.8574     65.573    10.0707    32.4842    10.1096    24.8624    32.4869          2 0.0000e+00
        984    10.0841     57.500  35.572995     1.9574     0.7566 2.6911e-09     4.1842    32.3356    24.8592     65.258    10.0777    32.4881    10.1165    24.8643    32.4909          2 0.0000e+00
        986    10.0890     58.000  35.581582     1.9519     0.7509 4.7293e-09     4.1789    32.3397    24.8616     65.184    10.0825    32.4922    10.1213    24.8666    32.4950          3 0.0000e+00
        988    10.0925     58.500  35.589176     1.9469     0.7445 8.1312e-09     4.1773    32.3441    24.8644     65.166    10.0859    32.4966    10.1246    24.8695    32.4994          2 0.0000e+00
        990    10.0926     59.000  35.594547     1.9419     0.7381 1.3783e-08     4.1749    32.3491    24.8683     65.131    10.0861    32.5017    10.1247    24.8734    32.5045          2 0.0000e+00
        992    10.0878     59.500  35.595878     1.9397     0.7341 2.3670e-08     4.1766    32.3546    24.8734     65.153    10.0811    32.5071    10.1197    24.8784    32.5099          2 0.0000e+00
        995    10.0813     60.000  35.598082     1.9371     0.7250 4.1001e-08     4.1651    32.3624    24.8806     64.967    10.0746    32.5150    10.1129    24.8858    32.5178          2 0.0000e+00
        997    10.0768     60.500  35.601727     1.9326     0.7148 7.5052e-08     4.1406    32.3698    24.8872     64.581    10.0700    32.5225    10.1082    24.8923    32.5253          3 0.0000e+00
        999    10.0749     61.000  35.604822     1.9267     0.7099 1.3567e-07     4.1134    32.3744    24.8911     64.157    10.0681    32.5271    10.1062    24.8962    32.5300          2 0.0000e+00
       1002    10.0746     61.500  35.609022     1.9205     0.7027 2.5363e-07     4.0911    32.3788    24.8945     63.811    10.0677    32.5315    10.1057    24.8996    32.5344          3 0.0000e+00
       1004    10.0743     62.000  35.615098     1.9140     0.6958 4.6058e-07     4.0602    32.3850    24.8994     63.331    10.0673    32.5377    10.1053    24.9046    32.5406          2 0.0000e+00
       1007    10.0732     62.500  35.621212     1.9050     0.6900 8.1040e-07     4.0239    32.3919    24.9051     62.766    10.0662    32.5447    10.1040    24.9102    32.5476          2 0.0000e+00
       1009    10.0705     63.000  35.624973     1.8961     0.6832 -1.158e-07     3.9889    32.3980    24.9102     62.219    10.0634    32.5507    10.1011    24.9153    32.5536          2 0.0000e+00
       1011    10.0658     63.500  35.626481     1.8876     0.6744      0.000     3.9706    32.4034    24.9152     61.930    10.0587    32.5562    10.0963    24.9204    32.5591          2 0.0000e+00
       1013    10.0593     64.000  35.626549     1.8794     0.6676      0.000     3.9548    32.4091    24.9208     61.676    10.0521    32.5620    10.0895    24.9260    32.5649          2 0.0000e+00
       1015    10.0536     64.500  35.626292     1.8733     0.6641      0.000     3.9533    32.4137    24.9253     61.647    10.0464    32.5666    10.0837    24.9305    32.5695          2 0.0000e+00
       1017    10.0491     65.000  35.626546     1.8674     0.6594      0.000     3.9511    32.4178    24.9293     61.608    10.0418    32.5707    10.0790    24.9345    32.5736          2 0.0000e+00
       1019    10.0421     65.500  35.625684     1.8644     0.6611      0.000     3.9479    32.4230    24.9345     61.551    10.0348    32.5759    10.0719    24.9397    32.5789          3 0.0000e+00
       1021    10.0315     66.000  35.620661     1.8596     0.6669      0.000     3.9353    32.4272    24.9395     61.341    10.0241    32.5801    10.0612    24.9447    32.5830          2 0.0000e+00
       1024    10.0216     66.500  35.614411     1.8545     0.6733      0.000     3.9145    32.4296    24.9431     61.005    10.0142    32.5825    10.0511    24.9482    32.5854          3 0.0000e+00
       1026    10.0148     67.000  35.609867     1.8488     0.6795      0.000     3.8873    32.4308    24.9452     60.573    10.0073    32.5837    10.0442    24.9503    32.5867          2 0.0000e+00
       1029    10.0109     67.500  35.607472     1.8400     0.6817      0.000     3.8501    32.4316    24.9465     59.989    10.0034    32.5846    10.0403    24.9517    32.5876          3 0.0000e+00
       1031    10.0075     68.000  35.605371     1.8315     0.6745      0.000     3.8279    32.4324    24.9476     59.639     9.9999    32.5853    10.0368    24.9528    32.5883          2 0.0000e+00
       1034    10.0041     68.500  35.603869     1.8235     0.6668      0.001     3.8166    32.4336    24.9492     59.458     9.9965    32.5866    10.0333    24.9544    32.5896          2 0.0000e+00
       1036     9.9999     69.000  35.602494     1.8186     0.6650      0.001     3.8241    32.4359    24.9516     59.571     9.9922    32.5888    10.0289    24.9568    32.5919          2 0.0000e+00
       1038     9.9934     69.500  35.600511     1.8164     0.6664      0.002     3.8275    32.4394    24.9554     59.616     9.9857    32.5924    10.0224    24.9607    32.5955          3 0.0000e+00
       1040     9.9848     70.000  35.597304     1.8125     0.6694      0.004     3.8187    32.4437    24.9602     59.471     9.9770    32.5967    10.0136    24.9654    32.5997          2 0.0000e+00
       1044     9.9732     70.500  35.592792     1.8083     0.6762      0.010     3.8158    32.4493    24.9666     59.411     9.9654    32.6023    10.0018    24.9718    32.6054          5 0.0000e+00
       1329     9.9712     71.000  35.591404     1.8080     0.6915      0.054     3.8352    32.4495    24.9670     59.711     9.9633    32.6025     9.9997    24.9723    32.6056        628 0.0000e+00
       1716     9.9663     71.500  35.589936     1.7899     0.6883     -0.007     3.7604    32.4522    24.9699     58.541     9.9584    32.6052     9.9947    24.9751    32.6083          6 0.0000e+00
       1682     9.9574     72.000  35.586713     1.7875     0.6841 5.8801e-10     3.7661    32.4567    24.9749     58.620     9.9494    32.6097     9.9857    24.9802    32.6128          4 0.0000e+00
       1686     9.9533     72.500  35.585581     1.7863     0.6859 1.3828e-09     3.7713    32.4590    24.9774     58.698     9.9453    32.6121     9.9815    24.9827    32.6152          3 0.0000e+00
       1689     9.9513     73.000  35.585292     1.7856     0.6822 3.3314e-09     3.7661    32.4604    24.9788     58.614     9.9432    32.6134     9.9793    24.9841    32.6165          4 0.0000e+00
       1693     9.9498     73.500  35.585399     1.7837     0.6784 7.9164e-09     3.7547    32.4616    24.9800     58.436     9.9416    32.6146     9.9778    24.9853    32.6178          3 0.0000e+00
       1696     9.9481     74.000  35.585360     1.7811     0.6797 1.9776e-08     3.7473    32.4628    24.9813     58.318     9.9399    32.6159     9.9760    24.9866    32.6191          4 0.0000e+00
       1700     9.9463     74.500  35.585012     1.7789     0.6813 4.4839e-08     3.7412    32.4639    24.9825     58.222     9.9380    32.6170     9.9741    24.9877    32.6201          3 0.0000e+00
       1703     9.9448     75.000  35.584624     1.7768     0.6796 9.6636e-08     3.7373    32.4646    24.9833     58.159     9.9365    32.6177     9.9725    24.9886    32.6209          3 0.0000e+00
       1706     9.9435     75.500  35.584385     1.7756     0.6809 2.0997e-07     3.7361    32.4654    24.9841     58.138     9.9351    32.6184     9.9711    24.9894    32.6216          3 0.0000e+00
       1709     9.9409     76.000  35.583481     1.7736     0.6788 4.4902e-07     3.7339    32.4665    24.9854     58.101     9.9325    32.6196     9.9685    24.9907    32.6228          3 0.0000e+00
       1712     9.9381     76.500  35.582540     1.7734     0.6798 5.5839e-07     3.7360    32.4679    24.9869     58.132     9.9296    32.6210     9.9656    24.9922    32.6242          3 0.0000e+00
       1715     9.9364     77.000  35.582151     1.7722     0.6894 -3.069e-08     3.7232    32.4688    24.9879     57.931     9.9278    32.6219     9.9638    24.9933    32.6251          3 0.0000e+00
       1718     9.9353     77.500  35.581942     1.7692     0.6973      0.000     3.7015    32.4694    24.9886     57.592     9.9267    32.6225     9.9626    24.9939    32.6257          3 0.0000e+00
       1721     9.9339     78.000  35.581818     1.7646     0.6903      0.000     3.6773    32.4703    24.9895     57.214     9.9252    32.6234     9.9612    24.9948    32.6266          3 0.0000e+00
       1724     9.9322     78.500  35.581684     1.7590     0.6881      0.000     3.6598    32.4714    24.9907     56.939     9.9235    32.6245     9.9594    24.9961    32.6278          3 0.0000e+00
       1727     9.9302     79.000  35.581502     1.7543     0.6821      0.000     3.6469    32.4729    24.9922     56.737     9.9214    32.6260     9.9573    24.9975    32.6293          3 0.0000e+00
       1730     9.9263     79.500  35.580874     1.7482     0.6751      0.000     3.6279    32.4755    24.9949     56.438     9.9174    32.6287     9.9532    25.0003    32.6320          3 0.0000e+00
       1733     9.9185     80.000  35.578790     1.7426     0.6711      0.000     3.6122    32.4802    24.9999     56.186     9.9096    32.6334     9.9453    25.0053    32.6367          3 0.0000e+00
       1736     9.9087     80.500  35.575930     1.7372     0.6695      0.000     3.6010    32.4859    25.0059     56.002     9.8997    32.6391     9.9353    25.0113    32.6424          3 0.0000e+00
