data/bam250035.cnv
* Sea-Bird SBE19plus  Data File:
* FileName = C:\Users\odl_guest\CTD\sbe19_7274\bamfield25_7274\hex\bam250035.hex
* Software version 2.8.0.119
* Temperature SN = 7274
* Conductivity SN = 7274
* System UpLoad Time = Feb 21 2025 20:11:38
* <ApplicationData>
* <Seaterm232>
** Station: Carnation creek
** Depth: 113 m
** Latitude = 48 54.858 N
** Longitude = 125 01.297 W
** PST (Time) = Feb 21 2025 14:37:13
** Cruise: Bamfield25
** Comments:
# nquan = 18
# nvalues = 198                         
# units = specified
# name 0 = scan: Scan Count
# name 1 = tv290C: Temperature [ITS-90, deg C]
# name 2 = prdM: Pressure, Strain Gauge [db]
# name 3 = c0mS/cm: Conductivity [mS/cm]
# name 4 = sbeox0V: Oxygen raw, SBE 43 [V]
# name 5 = flECO-AFL: Fluorescence, WET Labs ECO-AFL/FL [mg/m^3]
# name 6 = seaTurbMtr: Turbidity, Seapoint [FTU]
# name 7 = sbeox0ML/L: Oxygen, SBE 43 [ml/l], WS = 2
# name 8 = sal00: Salinity, Practical [PSU]
# name 9 = sigma-é00: Density [sigma-theta, kg/m^3]
# name 10 = sbeox0PS: Oxygen, SBE 43 [% saturation], WS = 2
# name 11 = potemp090C: Potential Temperature [ITS-90, deg C]
# name 12 = gsw_srA0: Reference Salinity [g/kg]
# name 13 = gsw_ctA0: Conservative Temperature [ITS-90, deg C]
# name 14 = gsw_sigma0A0: density, TEOS-10 [sigma-0, kg/m^3 ]
# name 15 = gsw_saA0: Absolute Salinity [g/kg]
# name 16 = nbin: number of scans per bin
# name 17 = flag: flag
# span 0 =        523,       1632       
# span 1 =     7.9211,    10.2414       
# span 2 =      1.000,     99.500       
# span 3 =  30.275287,  35.790445       
# span 4 =     2.0012,     2.7316       
# span 5 =     0.7391,     5.2276       
# span 6 =     -0.003,      0.216       
# span 7 =     4.4108,     6.9242       
# span 8 =    28.7248,    32.5380       
# span 9 =    22.3544,    25.0352       
# span 10 =     68.732,    100.617      
# span 11 =     7.9194,    10.2344      
# span 12 =    28.8603,    32.6914      
# span 13 =     7.9706,    10.2729      
# span 14 =    22.3580,    25.0411      
# span 15 =    28.8635,    32.6953      
# span 16 =          1,        196      
# span 17 = 0.0000e+00, 0.0000e+00      
# interval = decibars: 0.5              
# start_time = Feb 21 2025 22:37:23 [Instrument's time stamp, header]
# bad_flag = -9.990e-29
*END*
        523     7.9669      1.000  30.275287     2.7316     4.8546 7.1290e-42     6.9242    28.7248    22.3544    100.617     7.9668    28.8603     8.0531    22.3580    28.8635         21 0.0000e+00
        534     8.1691      1.500  32.037647     2.7140     5.0717 -2.596e-43     6.6934    30.4043    23.6432     98.807     8.1690    30.5476     8.2319    23.6475    30.5510          4 0.0000e+00
        536     8.1907      2.000  32.294673     2.7031     5.1530 6.8768e-44     6.6473    30.6551    23.8366     98.332     8.1905    30.7997     8.2497    23.8411    30.8030          2 0.0000e+00
        539     8.2227      2.500  32.516213     2.6934     5.2227 3.8594e-44     6.6106    30.8597    23.9924     97.991     8.2225    31.0053     8.2787    23.9969    31.0086          2 0.0000e+00
        541     8.2492      3.000  32.633692     2.6858     5.2276 2.3138e-44     6.5945    30.9597    24.0670     97.874     8.2489    31.1056     8.3036    24.0715    31.1091          2 0.0000e+00
        543     8.2571      3.500  32.678700     2.6802     5.1432 1.4247e-44     6.5946    30.9998    24.0973     97.918     8.2568    31.1460     8.3109    24.1018    31.1493          2 0.0000e+00
        545     8.2530      4.000  32.693170     2.6767     5.0416 8.9285e-45     6.6001    31.0184    24.1125     98.002     8.2526    31.1646     8.3065    24.1169    31.1680          2 0.0000e+00
        546     8.2429      4.500  32.697322     2.6734     4.8760 5.6548e-45     6.6048    31.0315    24.1242     98.059     8.2425    31.1778     8.2960    24.1287    31.1811          2 0.0000e+00
        548     8.2215      5.000  32.684083     2.6715     4.6914 3.5977e-45     6.6144    31.0361    24.1310     98.158     8.2211    31.1825     8.2745    24.1354    31.1858          2 0.0000e+00
        550     8.1949      5.500  32.662006     2.6704     4.5132 2.2142e-45     6.6300    31.0363    24.1348     98.330     8.1944    31.1826     8.2477    24.1392    31.1859          1 0.0000e+00
        552     8.1710      6.000  32.647971     2.6697     4.3319 1.3873e-45     6.6367    31.0424    24.1431     98.378     8.1705    31.1887     8.2236    24.1474    31.1920          2 0.0000e+00
        554     8.1493      6.500  32.635293     2.6712     4.1931 8.8826e-46     6.6409    31.0480    24.1506     98.396     8.1487    31.1944     8.2016    24.1550    31.1977          2 0.0000e+00
        555     8.1260      7.000  32.615948     2.6695     4.0993 5.7205e-46     6.6261    31.0480    24.1539     98.126     8.1253    31.1944     8.1782    24.1583    31.1976          2 0.0000e+00
        557     8.1051      7.500  32.596554     2.6677     4.0367 3.6635e-46     6.6063    31.0459    24.1552     97.784     8.1044    31.1923     8.1571    24.1596    31.1955          2 0.0000e+00
        559     8.0916      8.000  32.586871     2.6642     3.9830 2.3310e-46     6.5896    31.0474    24.1584     97.509     8.0908    31.1938     8.1434    24.1626    31.1970          2 0.0000e+00
        561     8.0841      8.500  32.583685     2.6593     3.9254 1.4291e-46     6.5781    31.0505    24.1618     97.324     8.0833    31.1969     8.1359    24.1661    31.2000          1 0.0000e+00
        563     8.0816      9.000  32.584447     2.6557     3.8799 8.8546e-47     6.5833    31.0532    24.1644     97.397     8.0808    31.1996     8.1333    24.1686    31.2028          2 0.0000e+00
        565     8.0811      9.500  32.585456     2.6555     3.8607 5.5748e-47     6.6015    31.0545    24.1655     97.664     8.0802    31.2010     8.1327    24.1697    31.2041          2 0.0000e+00
        567     8.0834     10.000  32.588465     2.6549     3.8596 3.5256e-47     6.6118    31.0554    24.1659     97.824     8.0825    31.2019     8.1350    24.1701    31.2049          2 0.0000e+00
        568     8.0938     10.500  32.600433     2.6554     3.8685 2.2147e-47     6.6146    31.0586    24.1669     97.891     8.0928    31.2051     8.1453    24.1711    31.2081          2 0.0000e+00
        570     8.1140     11.000  32.626693     2.6560     3.8131 1.3800e-47     6.6084    31.0682    24.1715     97.850     8.1130    31.2147     8.1654    24.1758    31.2178          2 0.0000e+00
        572     8.1301     11.500  32.647505     2.6557     3.7416 8.5327e-48     6.5972    31.0757    24.1751     97.725     8.1290    31.2222     8.1814    24.1793    31.2253          2 0.0000e+00
        574     8.1298     12.000  32.645297     2.6538     3.6703 5.2551e-48     6.5878    31.0734    24.1734     97.583     8.1286    31.2199     8.1811    24.1776    31.2230          2 0.0000e+00
        576     8.1120     12.500  32.623183     2.6528     3.5961 3.2329e-48     6.5873    31.0656    24.1698     97.531     8.1109    31.2121     8.1633    24.1740    31.2152          2 0.0000e+00
        578     8.0863     13.000  32.594889     2.6521     3.5326 1.9896e-48     6.5931    31.0583    24.1677     97.555     8.0851    31.2048     8.1376    24.1719    31.2078          2 0.0000e+00
        580     8.0619     13.500  32.571219     2.6510     3.4870 1.1877e-48     6.5985    31.0548    24.1684     97.579     8.0606    31.2012     8.1130    24.1726    31.2043          1 0.0000e+00
        582     8.0440     14.000  32.557115     2.6496     3.4606 7.2055e-49     6.5995    31.0555    24.1715     97.555     8.0427    31.2019     8.0950    24.1757    31.2050          2 0.0000e+00
        584     8.0323     14.500  32.549993     2.6508     3.4313 4.4888e-49     6.6065    31.0581    24.1752     97.633     8.0310    31.2045     8.0832    24.1794    31.2076          2 0.0000e+00
        586     8.0223     15.000  32.545452     2.6498     3.3802 2.8813e-49     6.5982    31.0620    24.1797     97.491     8.0209    31.2084     8.0729    24.1839    31.2115          2 0.0000e+00
        588     8.0057     15.500  32.537653     2.6487     3.3303 1.9068e-49     6.5935    31.0682    24.1869     97.389     8.0043    31.2147     8.0562    24.1911    31.2178          2 0.0000e+00
        589     7.9785     16.000  32.520439     2.6468     3.2283 1.3568e-49     6.5889    31.0740    24.1953     97.265     7.9770    31.2205     8.0287    24.1995    31.2236          2 0.0000e+00
        591     7.9472     16.500  32.497373     2.6463     3.1372 1.1072e-49     6.5926    31.0771    24.2021     97.252     7.9457    31.2236     7.9972    24.2063    31.2267          2 0.0000e+00
        593     7.9271     17.000  32.486762     2.6437     3.0803 1.1020e-49     6.5875    31.0835    24.2100     97.137     7.9255    31.2300     7.9769    24.2141    31.2331          2 0.0000e+00
        595     7.9211     17.500  32.490632     2.6428     3.0703 1.3408e-49     6.5892    31.0928    24.2181     97.155     7.9194    31.2393     7.9706    24.2222    31.2424          2 0.0000e+00
        597     7.9247     18.000  32.500474     2.6406     3.0945 1.8232e-49     6.5865    31.0998    24.2231     97.127     7.9230    31.2464     7.9741    24.2272    31.2495          1 0.0000e+00
        599     7.9393     18.500  32.518883     2.6417     3.1052 2.7112e-49     6.5853    31.1060    24.2260     97.146     7.9376    31.2527     7.9886    24.2301    31.2557          2 0.0000e+00
        601     7.9597     19.000  32.544761     2.6399     3.0974 4.2187e-49     6.5650    31.1151    24.2303     96.898     7.9578    31.2618     8.0088    24.2344    31.2649          2 0.0000e+00
        602     7.9765     19.500  32.561692     2.6376     3.1046 6.6473e-49     6.5433    31.1178    24.2300     96.616     7.9747    31.2645     8.0257    24.2342    31.2676          2 0.0000e+00
        604     7.9917     20.000  32.575888     2.6336     3.1441 1.0502e-48     6.5213    31.1191    24.2289     96.325     7.9898    31.2658     8.0409    24.2330    31.2689          2 0.0000e+00
        606     8.0088     20.500  32.592501     2.6314     3.1888 1.6118e-48     6.5102    31.1213    24.2282     96.200     8.0069    31.2681     8.0580    24.2324    31.2711          1 0.0000e+00
        608     8.0298     21.000  32.616437     2.6270     3.2281 2.5163e-48     6.4936    31.1278    24.2303     96.003     8.0278    31.2744     8.0789    24.2344    31.2775          2 0.0000e+00
        610     8.0469     21.500  32.635155     2.6246     3.2730 3.9795e-48     6.4760    31.1321    24.2313     95.783     8.0449    31.2789     8.0960    24.2354    31.2818          2 0.0000e+00
        611     8.0617     22.000  32.648111     2.6200     3.3259 6.3099e-48     6.4493    31.1324    24.2294     95.421     8.0596    31.2792     8.1108    24.2335    31.2821          2 0.0000e+00
        613     8.0803     22.500  32.671195     2.6150     3.3687 9.9565e-48     6.4171    31.1400    24.2328     94.989     8.0782    31.2868     8.1294    24.2369    31.2897          2 0.0000e+00
        615     8.1020     23.000  32.702111     2.6091     3.4231 1.5200e-47     6.3806    31.1531    24.2400     94.504     8.0998    31.3000     8.1509    24.2441    31.3029          1 0.0000e+00
        617     8.1243     23.500  32.739526     2.6024     3.4785 2.3507e-47     6.3418    31.1726    24.2521     93.987     8.1221    31.3196     8.1729    24.2562    31.3225          2 0.0000e+00
        618     8.1426     24.000  32.767854     2.5940     3.5252 3.6741e-47     6.3085    31.1859    24.2600     93.540     8.1403    31.3330     8.1911    24.2640    31.3358          2 0.0000e+00
        620     8.1589     24.500  32.792757     2.5856     3.5876 5.5457e-47     6.2791    31.1975    24.2667     93.147     8.1566    31.3446     8.2072    24.2707    31.3475          1 0.0000e+00
        622     8.1787     25.000  32.823283     2.5784     3.6611 8.4675e-47     6.2588    31.2118    24.2750     92.895     8.1763    31.3590     8.2269    24.2792    31.3618          2 0.0000e+00
        623     8.2078     25.500  32.868824     2.5717     3.7587 1.3070e-46     6.2465    31.2338    24.2881     92.786     8.2053    31.3810     8.2556    24.2922    31.3838          2 0.0000e+00
        625     8.2410     26.000  32.919961     2.5644     3.8723 1.9539e-46     6.2352    31.2578    24.3023     92.703     8.2385    31.4053     8.2886    24.3063    31.4079          1 0.0000e+00
        627     8.2758     26.500  32.970724     2.5598     3.9775 2.9648e-46     6.2249    31.2800    24.3146     92.637     8.2732    31.4275     8.3231    24.3187    31.4303          2 0.0000e+00
        628     8.3092     27.000  33.018992     2.5579     4.0920 4.5581e-46     6.2198    31.3008    24.3260     92.643     8.3066    31.4484     8.3563    24.3301    31.4511          2 0.0000e+00
        630     8.3416     27.500  33.065925     2.5534     4.2236 6.7904e-46     6.1990    31.3210    24.3372     92.412     8.3389    31.4687     8.3885    24.3413    31.4714          1 0.0000e+00
        632     8.3734     28.000  33.115910     2.5485     4.3258 1.0298e-45     6.1793    31.3450    24.3514     92.200     8.3707    31.4928     8.4200    24.3554    31.4954          2 0.0000e+00
        633     8.3994     28.500  33.161914     2.5430     4.3702 1.5824e-45     6.1667    31.3699    24.3671     92.079     8.3966    31.5178     8.4457    24.3711    31.5204          2 0.0000e+00
        635     8.4180     29.000  33.191946     2.5408     4.3850 2.3554e-45     6.1712    31.3846    24.3759     92.194     8.4152    31.5326     8.4640    24.3799    31.5352          1 0.0000e+00
        637     8.4292     29.500  33.207957     2.5384     4.3828 3.5637e-45     6.1692    31.3912    24.3794     92.192     8.4263    31.5392     8.4751    24.3834    31.5418          2 0.0000e+00
        638     8.4363     30.000  33.217851     2.5368     4.3873 5.4711e-45     6.1587    31.3950    24.3813     92.053     8.4334    31.5430     8.4822    24.3854    31.5456          2 0.0000e+00
        640     8.4417     30.500  33.225327     2.5345     4.3926 8.1409e-45     6.1380    31.3978    24.3827     91.756     8.4387    31.5458     8.4875    24.3867    31.5484          1 0.0000e+00
        642     8.4457     31.000  33.231393     2.5303     4.4013 1.2361e-44     6.1103    31.4004    24.3842     91.352     8.4426    31.5484     8.4914    24.3882    31.5510          2 0.0000e+00
        643     8.4489     31.500  33.238365     2.5242     4.4201 1.9111e-44     6.0711    31.4045    24.3870     90.774     8.4458    31.5526     8.4945    24.3910    31.5552          2 0.0000e+00
        645     8.4517     32.000  33.246605     2.5195     4.4324 2.8671e-44     6.0382    31.4105    24.3913     90.292     8.4486    31.5586     8.4972    24.3953    31.5611          1 0.0000e+00
        647     8.4526     32.500  33.255514     2.5110     4.4178 4.3860e-44     5.9940    31.4188    24.3976     89.636     8.4494    31.5670     8.4979    24.4017    31.5695          2 0.0000e+00
        648     8.4537     33.000  33.261057     2.5007     4.3663 6.8352e-44     5.9534    31.4235    24.4011     89.035     8.4504    31.5716     8.4988    24.4051    31.5742          2 0.0000e+00
        650     8.4603     33.500  33.272724     2.4906     4.3091 1.0338e-43     5.9201    31.4295    24.4049     88.553     8.4570    31.5777     8.5054    24.4089    31.5802          1 0.0000e+00
        652     8.4784     34.000  33.299325     2.4820     4.2760 1.5946e-43     5.9010    31.4411    24.4113     88.311     8.4750    31.5893     8.5233    24.4153    31.5919          2 0.0000e+00
        654     8.5055     34.500  33.337755     2.4731     4.2526 2.5087e-43     5.8766    31.4569    24.4197     88.008     8.5021    31.6052     8.5501    24.4237    31.6078          2 0.0000e+00
        655     8.5386     35.000  33.381296     2.4656     4.2025 3.9700e-43     5.8431    31.4726    24.4272     87.581     8.5352    31.6210     8.5832    24.4312    31.6236          2 0.0000e+00
        657     8.5773     35.500  33.434299     2.4565     4.1552 6.2826e-43     5.7943    31.4933    24.4377     86.936     8.5738    31.6418     8.6216    24.4417    31.6443          2 0.0000e+00
        659     8.6190     36.000  33.495739     2.4450     4.1257 9.6538e-43     5.7328    31.5201    24.4524     86.109     8.6154    31.6687     8.6631    24.4565    31.6712          1 0.0000e+00
        661     8.6597     36.500  33.556099     2.4331     4.1102 1.5119e-42     5.6751    31.5465    24.4671     85.334     8.6560    31.6954     8.7033    24.4712    31.6978          2 0.0000e+00
        663     8.6951     37.000  33.603523     2.4190     4.0772 2.4059e-42     5.6269    31.5642    24.4756     84.685     8.6914    31.7130     8.7385    24.4797    31.7155          2 0.0000e+00
        664     8.7241     37.500  33.640649     2.4057     4.0200 3.8423e-42     5.5872    31.5768    24.4811     84.149     8.7203    31.7256     8.7674    24.4853    31.7282          2 0.0000e+00
        666     8.7500     38.000  33.673035     2.3936     3.9355 6.1302e-42     5.5540    31.5872    24.4854     83.704     8.7461    31.7361     8.7931    24.4895    31.7386          2 0.0000e+00
        668     8.7781     38.500  33.712509     2.3815     3.8174 9.4782e-42     5.5187    31.6030    24.4935     83.232     8.7742    31.7520     8.8211    24.4977    31.7545          1 0.0000e+00
        670     8.8113     39.000  33.762316     2.3699     3.6500 1.4841e-41     5.4796    31.6249    24.5057     82.716     8.8073    31.7740     8.8540    24.5099    31.7766          2 0.0000e+00
        672     8.8550     39.500  33.823315     2.3580     3.4875 2.3468e-41     5.4218    31.6490    24.5179     81.937     8.8510    31.7982     8.8974    24.5221    31.8008          2 0.0000e+00
        673     8.9102     40.000  33.906615     2.3462     3.3645 3.7151e-41     5.3548    31.6860    24.5385     81.042     8.9061    31.8354     8.9521    24.5427    31.8379          2 0.0000e+00
        675     8.9631     40.500  33.979804     2.3293     3.2716 5.8596e-41     5.2737    31.7144    24.5527     79.923     8.9589    31.8640     9.0047    24.5569    31.8665          2 0.0000e+00
