data/bam250036.cnv
* Sea-Bird SBE19plus  Data File:
* FileName = C:\Users\odl_guest\CTD\sbe19_7274\bamfield25_7274\hex\bam250036.hex
* Software version 2.8.0.119
* Temperature SN = 7274
* Conductivity SN = 7274
* System UpLoad Time = Feb 21 2025 20:17:07
* <ApplicationData>
* <Seaterm232>
** Station: Sarita river
** Depth: 124 m
** Latitude = 48 54.162 N
** Longitude = 125 01.639 W
** PST (Time) = Feb 21 2025 15:08:19
** Cruise: Bamfield25
** Comments:
# nquan = 18
# nvalues = 204                         
# units = specified
# name 0 = scan: Scan Count
# name 1 = tv290C: Temperature [ITS-90, deg C]
# name 2 = prdM: Pressure, Strain Gauge [db]
# name 3 = c0mS/cm: Conductivity [mS/cm]
# name 4 = sbeox0V: Oxygen raw, SBE 43 [V]
# name 5 = flECO-AFL: Fluorescence, WET Labs ECO-AFL/FL [mg/m^3]
# name 6 = seaTurbMtr: Turbidity, Seapoint [FTU]
# name 7 = sbeox0ML/L: Oxygen, SBE 43 [ml/l], WS = 2
# name 8 = sal00: Salinity, Practical [PSU]
# name 9 = sigma-é00: Density [sigma-theta, kg/m^3]
# name 10 = sbeox0PS: Oxygen, SBE 43 [% saturation], WS = 2
# name 11 = potemp090C: Potential Temperature [ITS-90, deg C]
# name 12 = gsw_srA0: Reference Salinity [g/kg]
# name 13 = gsw_ctA0: Conservative Temperature [ITS-90, deg C]
# name 14 = gsw_sigma0A0: density, TEOS-10 [sigma-0, kg/m^3 ]
# name 15 = gsw_saA0: Absolute Salinity [g/kg]
# name 16 = nbin: number of scans per bin
# name 17 = flag: flag
# span 0 =        524,       1646       
# span 1 =     8.1111,    10.2264       
# span 2 =      1.000,    102.500       
# span 3 =  31.317652,  35.777913       
# span 4 =     1.9777,     2.7220       
# span 5 =     0.6383,     5.7711       
# span 6 =     -0.035,      0.142       
# span 7 =     4.3433,     6.8367       
# span 8 =    29.6968,    32.5664       
# span 9 =    23.0965,    25.0788       
# span 10 =     67.577,    100.326      
# span 11 =     8.1090,    10.2200      
# span 12 =    29.8368,    32.7199      
# span 13 =     8.1597,    10.2591      
# span 14 =    23.1006,    25.0846      
# span 15 =    29.8401,    32.7239      
# span 16 =          1,        198      
# span 17 = 0.0000e+00, 0.0000e+00      
# interval = decibars: 0.5              
# start_time = Feb 21 2025 23:08:28 [Instrument's time stamp, header]
# bad_flag = -9.990e-29
*END*
        524     8.1129      1.000  31.317652     2.7220     5.7311 2.8492e-41     6.8367    29.6968    23.0965    100.326     8.1128    29.8368     8.1861    23.1006    29.8401         23 0.0000e+00
        537     8.1522      1.500  31.747090     2.6997     5.7711 -2.083e-42     6.6959    30.1136    23.4176     98.617     8.1521    30.2556     8.2193    23.4219    30.2589          4 0.0000e+00
        539     8.1881      2.000  32.270482     2.6927     5.6891 1.4403e-43     6.6669    30.6319    23.8188     98.601     8.1879    30.7764     8.2475    23.8233    30.7798          2 0.0000e+00
        541     8.1900      2.500  32.491392     2.6887     5.5823 8.6558e-44     6.6566    30.8624    23.9992     98.601     8.1897    31.0079     8.2457    24.0037    31.0113          3 0.0000e+00
        543     8.1756      3.000  32.564798     2.6852     5.3713 5.1811e-44     6.6534    30.9521    24.0716     98.578     8.1753    31.0980     8.2298    24.0760    31.1014          2 0.0000e+00
        545     8.1553      3.500  32.584430     2.6829     5.1207 3.0737e-44     6.6502    30.9904    24.1046     98.510     8.1550    31.1366     8.2088    24.1090    31.1399          2 0.0000e+00
        547     8.1415      4.000  32.593205     2.6809     4.9475 1.8696e-44     6.6515    31.0117    24.1232     98.513     8.1411    31.1579     8.1946    24.1276    31.1612          2 0.0000e+00
        549     8.1335      4.500  32.600041     2.6779     4.8543 1.1448e-44     6.6480    31.0258    24.1354     98.452     8.1331    31.1721     8.1862    24.1398    31.1754          2 0.0000e+00
        551     8.1252      5.000  32.599688     2.6771     4.7764 7.0374e-45     6.6522    31.0325    24.1419     98.500     8.1247    31.1788     8.1778    24.1462    31.1821          2 0.0000e+00
        553     8.1166      5.500  32.593763     2.6762     4.7247 4.3351e-45     6.6506    31.0336    24.1440     98.458     8.1161    31.1800     8.1691    24.1484    31.1832          2 0.0000e+00
        555     8.1128      6.000  32.591509     2.6750     4.7176 2.6662e-45     6.6398    31.0343    24.1451     98.291     8.1123    31.1807     8.1652    24.1495    31.1839          2 0.0000e+00
        557     8.1168      6.500  32.598376     2.6718     4.7278 1.5808e-45     6.6232    31.0379    24.1473     98.055     8.1162    31.1842     8.1691    24.1516    31.1875          1 0.0000e+00
        559     8.1287      7.000  32.615399     2.6689     4.7385 9.3779e-46     6.6072    31.0451    24.1513     97.849     8.1280    31.1915     8.1808    24.1556    31.1947          2 0.0000e+00
        561     8.1408      7.500  32.630401     2.6665     4.7494 5.6018e-46     6.6122    31.0500    24.1534     97.954     8.1401    31.1964     8.1929    24.1577    31.1996          2 0.0000e+00
        563     8.1500      8.000  32.640192     2.6636     4.7312 3.3794e-46     6.6180    31.0519    24.1536     98.062     8.1492    31.1983     8.2021    24.1579    31.2015          2 0.0000e+00
        565     8.1578      8.500  32.649285     2.6667     4.6943 2.0354e-46     6.6246    31.0544    24.1544     98.177     8.1569    31.2008     8.2098    24.1587    31.2040          2 0.0000e+00
        567     8.1655      9.000  32.658478     2.6637     4.6566 1.2277e-46     6.6010    31.0571    24.1554     97.847     8.1646    31.2035     8.2174    24.1597    31.2066          2 0.0000e+00
        569     8.1736      9.500  32.669714     2.6615     4.6266 7.4181e-47     6.5795    31.0614    24.1577     97.549     8.1727    31.2079     8.2256    24.1620    31.2110          2 0.0000e+00
        571     8.1797     10.000  32.677679     2.6581     4.6373 4.4762e-47     6.5765    31.0642    24.1591     97.519     8.1787    31.2108     8.2315    24.1633    31.2138          2 0.0000e+00
        573     8.1821     10.500  32.681633     2.6563     4.5933 2.7014e-47     6.5739    31.0661    24.1601     97.487     8.1811    31.2126     8.2339    24.1644    31.2156          2 0.0000e+00
        575     8.1794     11.000  32.678905     2.6539     4.4859 1.6415e-47     6.5685    31.0654    24.1600     97.401     8.1784    31.2118     8.2311    24.1642    31.2149          2 0.0000e+00
        577     8.1765     11.500  32.675390     2.6527     4.4096 1.0026e-47     6.5606    31.0640    24.1593     97.276     8.1754    31.2105     8.2282    24.1636    31.2136          2 0.0000e+00
        579     8.1793     12.000  32.680014     2.6499     4.3627 6.1388e-48     6.5471    31.0661    24.1606     97.084     8.1782    31.2126     8.2310    24.1649    31.2157          2 0.0000e+00
        581     8.1861     12.500  32.691530     2.6469     4.3163 3.7589e-48     6.5254    31.0721    24.1643     96.781     8.1849    31.2186     8.2376    24.1685    31.2217          2 0.0000e+00
        583     8.1897     13.000  32.698371     2.6428     4.2582 2.3092e-48     6.5167    31.0758    24.1667     96.662     8.1885    31.2224     8.2412    24.1710    31.2255          2 0.0000e+00
        585     8.1891     13.500  32.700354     2.6387     4.1904 1.4262e-48     6.5089    31.0783    24.1688     96.548     8.1877    31.2248     8.2404    24.1730    31.2279          2 0.0000e+00
        587     8.1853     14.000  32.702662     2.6377     4.0749 8.8349e-49     6.5110    31.0838    24.1737     96.572     8.1840    31.2304     8.2365    24.1779    31.2335          2 0.0000e+00
        589     8.1801     14.500  32.706617     2.6349     3.9817 5.5038e-49     6.5036    31.0924    24.1811     96.457     8.1787    31.2390     8.2310    24.1853    31.2421          2 0.0000e+00
        591     8.1761     15.000  32.711989     2.6314     3.9392 3.4625e-49     6.4857    31.1013    24.1887     96.190     8.1747    31.2481     8.2268    24.1930    31.2511          2 0.0000e+00
        592     8.1741     15.500  32.718870     2.6289     3.9478 2.2306e-49     6.4779    31.1101    24.1959     96.075     8.1726    31.2568     8.2247    24.2002    31.2599          2 0.0000e+00
        594     8.1712     16.000  32.724981     2.6252     3.9495 1.5083e-49     6.4725    31.1189    24.2032     95.994     8.1697    31.2657     8.2216    24.2075    31.2687          2 0.0000e+00
        596     8.1678     16.500  32.730188     2.6225     3.9486 1.1236e-49     6.4758    31.1271    24.2102     96.041     8.1662    31.2739     8.2180    24.2144    31.2770          2 0.0000e+00
        598     8.1682     17.000  32.740833     2.6215     3.9145 9.8478e-50     6.4823    31.1378    24.2185     96.144     8.1666    31.2846     8.2182    24.2227    31.2877          2 0.0000e+00
        600     8.1698     17.500  32.753790     2.6209     3.8810 1.0303e-49     6.4846    31.1498    24.2276     96.188     8.1681    31.2967     8.2196    24.2319    31.2998          1 0.0000e+00
        602     8.1679     18.000  32.757138     2.6201     3.8851 1.3169e-49     6.4789    31.1549    24.2318     96.103     8.1662    31.3018     8.2175    24.2361    31.3048          2 0.0000e+00
        604     8.1650     18.500  32.758101     2.6187     3.8753 1.9153e-49     6.4791    31.1582    24.2349     96.102     8.1633    31.3051     8.2146    24.2392    31.3082          2 0.0000e+00
        606     8.1598     19.000  32.757678     2.6169     3.8210 2.9613e-49     6.4786    31.1621    24.2387     96.086     8.1580    31.3090     8.2092    24.2430    31.3121          2 0.0000e+00
        607     8.1491     19.500  32.749968     2.6187     3.7230 4.7073e-49     6.4808    31.1634    24.2412     96.096     8.1472    31.3103     8.1983    24.2455    31.3134          2 0.0000e+00
        609     8.1339     20.000  32.737284     2.6172     3.6161 7.5888e-49     6.4641    31.1632    24.2433     95.815     8.1320    31.3102     8.1831    24.2475    31.3132          2 0.0000e+00
        611     8.1207     20.500  32.729165     2.6128     3.5328 1.2317e-48     6.4340    31.1661    24.2475     95.342     8.1188    31.3131     8.1697    24.2517    31.3161          2 0.0000e+00
        613     8.1132     21.000  32.730758     2.6094     3.4864 2.0043e-48     6.4258    31.1743    24.2550     95.210     8.1112    31.3213     8.1620    24.2591    31.3243          2 0.0000e+00
        615     8.1111     21.500  32.737945     2.6050     3.4178 3.2633e-48     6.4291    31.1835    24.2626     95.260     8.1090    31.3306     8.1597    24.2667    31.3336          2 0.0000e+00
        617     8.1119     22.000  32.745827     2.6042     3.3526 5.1483e-48     6.4392    31.1909    24.2682     95.417     8.1098    31.3380     8.1603    24.2724    31.3410          1 0.0000e+00
        619     8.1148     22.500  32.752715     2.6045     3.3332 8.2242e-48     6.4490    31.1954    24.2713     95.570     8.1127    31.3424     8.1631    24.2755    31.3454          2 0.0000e+00
        621     8.1204     23.000  32.761250     2.6026     3.3574 1.3236e-47     6.4409    31.1992    24.2735     95.465     8.1182    31.3463     8.1687    24.2776    31.3492          2 0.0000e+00
        623     8.1321     23.500  32.777861     2.6015     3.4189 2.1365e-47     6.4312    31.2061    24.2772     95.350     8.1299    31.3532     8.1803    24.2813    31.3561          2 0.0000e+00
        625     8.1507     24.000  32.807381     2.6017     3.4589 3.4396e-47     6.4228    31.2205    24.2859     95.276     8.1483    31.3677     8.1986    24.2900    31.3706          2 0.0000e+00
        626     8.1612     24.500  32.830688     2.5994     3.4023 5.5287e-47     6.4029    31.2354    24.2961     95.012     8.1589    31.3827     8.2090    24.3001    31.3856          2 0.0000e+00
        628     8.1536     25.000  32.826704     2.5965     3.2981 8.8863e-47     6.3752    31.2377    24.2990     94.585     8.1512    31.3850     8.2012    24.3031    31.3879          2 0.0000e+00
        630     8.1401     25.500  32.814958     2.5925     3.2138 1.4299e-46     6.3451    31.2372    24.3005     94.110     8.1376    31.3845     8.1876    24.3046    31.3873          2 0.0000e+00
        632     8.1312     26.000  32.811137     2.5862     3.1459 2.2340e-46     6.3115    31.2409    24.3047     93.596     8.1287    31.3882     8.1786    24.3087    31.3910          1 0.0000e+00
        634     8.1326     26.500  32.820591     2.5779     3.1138 3.5522e-46     6.2875    31.2493    24.3111     93.247     8.1301    31.3966     8.1798    24.3151    31.3994          2 0.0000e+00
        636     8.1436     27.000  32.839922     2.5714     3.1295 5.7403e-46     6.2864    31.2598    24.3178     93.261     8.1409    31.4072     8.1906    24.3217    31.4099          2 0.0000e+00
        638     8.1611     27.500  32.864303     2.5688     3.1892 9.3743e-46     6.2902    31.2696    24.3230     93.360     8.1585    31.4171     8.2081    24.3269    31.4198          2 0.0000e+00
        640     8.1856     28.000  32.894553     2.5658     3.2924 1.5344e-45     6.2779    31.2795    24.3272     93.235     8.1829    31.4270     8.2324    24.3312    31.4297          2 0.0000e+00
        642     8.2176     28.500  32.940693     2.5606     3.3609 2.5111e-45     6.2529    31.2993    24.3381     92.943     8.2149    31.4469     8.2642    24.3421    31.4496          2 0.0000e+00
        644     8.2470     29.000  32.988878     2.5563     3.3698 4.1125e-45     6.2285    31.3237    24.3530     92.656     8.2442    31.4714     8.2932    24.3570    31.4740          2 0.0000e+00
        646     8.2695     29.500  33.027409     2.5529     3.3858 6.7156e-45     6.2057    31.3439    24.3657     92.375     8.2666    31.4917     8.3155    24.3696    31.4943          2 0.0000e+00
        647     8.2853     30.000  33.054096     2.5463     3.4332 1.0917e-44     6.1623    31.3576    24.3741     91.771     8.2824    31.5055     8.3312    24.3780    31.5081          2 0.0000e+00
        649     8.2962     30.500  33.069444     2.5389     3.5085 1.7666e-44     6.1184    31.3639    24.3774     91.143     8.2933    31.5117     8.3419    24.3813    31.5143          2 0.0000e+00
        651     8.3070     31.000  33.083387     2.5293     3.5921 2.8515e-44     6.0825    31.3686    24.3796     90.633     8.3040    31.5165     8.3527    24.3835    31.5191          2 0.0000e+00
        653     8.3224     31.500  33.105157     2.5204     3.6628 4.5975e-44     6.0542    31.3775    24.3843     90.248     8.3194    31.5255     8.3679    24.3883    31.5280          2 0.0000e+00
        655     8.3412     32.000  33.134268     2.5131     3.7038 7.1899e-44     6.0304    31.3912    24.3923     89.941     8.3381    31.5393     8.3865    24.3963    31.5418          1 0.0000e+00
        657     8.3588     32.500  33.163086     2.5054     3.6811 1.1441e-43     6.0022    31.4055    24.4010     89.563     8.3556    31.5536     8.4039    24.4049    31.5561          2 0.0000e+00
        659     8.3745     33.000  33.187369     2.4942     3.5842 1.8490e-43     5.9621    31.4168    24.4076     89.002     8.3713    31.5649     8.4194    24.4115    31.5675          2 0.0000e+00
        661     8.3962     33.500  33.218478     2.4859     3.5247 3.0058e-43     5.9429    31.4298    24.4145     88.768     8.3929    31.5780     8.4411    24.4185    31.5805          2 0.0000e+00
        663     8.4281     34.000  33.264789     2.4781     3.4877 4.8841e-43     5.9183    31.4497    24.4255     88.473     8.4248    31.5980     8.4726    24.4295    31.6006          2 0.0000e+00
        665     8.4614     34.500  33.314200     2.4720     3.4367 7.9398e-43     5.8743    31.4715    24.4377     87.894     8.4580    31.6199     8.5056    24.4417    31.6225          2 0.0000e+00
        666     8.4905     35.000  33.350666     2.4610     3.3811 1.2917e-42     5.8040    31.4835    24.4429     86.906     8.4870    31.6320     8.5346    24.4469    31.6345          2 0.0000e+00
        668     8.5242     35.500  33.390920     2.4463     3.3442 2.0987e-42     5.7311    31.4954    24.4471     85.886     8.5207    31.6439     8.5682    24.4512    31.6464          2 0.0000e+00
        670     8.5690     36.000  33.450340     2.4311     3.3026 3.4002e-42     5.6803    31.5172    24.4576     85.224     8.5654    31.6659     8.6129    24.4617    31.6684          2 0.0000e+00
        672     8.6144     36.500  33.513441     2.4182     3.2652 5.4947e-42     5.6465    31.5424    24.4706     84.816     8.6108    31.6911     8.6580    24.4747    31.6936          2 0.0000e+00
        674     8.6521     37.000  33.562060     2.4072     3.2520 8.5932e-42     5.6177    31.5593    24.4782     84.465     8.6484    31.7081     8.6955    24.4823    31.7106          1 0.0000e+00
        676     8.6831     37.500  33.597987     2.3949     3.2771 1.3624e-41     5.5767    31.5689    24.4811     83.910     8.6793    31.7177     8.7264    24.4852    31.7202          2 0.0000e+00
        678     8.7254     38.000  33.648210     2.3826     3.2998 2.1939e-41     5.5318    31.5833    24.4860     83.323     8.7216    31.7322     8.7685    24.4902    31.7347          2 0.0000e+00
        680     8.7921     38.500  33.739181     2.3700     3.2957 3.5686e-41     5.4927    31.6182    24.5033     82.875     8.7881    31.7673     8.8348    24.5075    31.7698          2 0.0000e+00
        682     8.8643     39.000  33.843204     2.3588     3.2618 5.8170e-41     5.4687    31.6616    24.5264     82.670     8.8603    31.8110     8.9065    24.5306    31.8135          2 0.0000e+00
        684     8.9199     39.500  33.917271     2.3489     3.2106 9.4920e-41     5.4602    31.6886    24.5391     82.657     8.9159    31.8381     8.9618    24.5434    31.8406          2 0.0000e+00
        686     8.9586     40.000  33.963713     2.3426     3.0956 1.5526e-40     5.4596    31.7020    24.5436     82.726     8.9545    31.8515     9.0004    24.5479    31.8540          2 0.0000e+00
        687     8.9936     40.500  34.004958     2.3387     2.9593 2.5380e-40     5.4447    31.7132    24.5470     82.571     8.9895    31.8627     9.0354    24.5513    31.8653          2 0.0000e+00
