data/bam250035.cnv
* Sea-Bird SBE19plus  Data File:
* FileName = C:\Users\odl_guest\CTD\sbe19_7274\bamfield25_7274\hex\bam250035.hex
* Software version 2.8.0.119
* Temperature SN = 7274
* Conductivity SN = 7274
* System UpLoad Time = Feb 21 2025 20:11:38
* <ApplicationData>
* <Seaterm232>
** Station: Carnation creek
** Depth: 113 m
** Latitude = 48 54.858 N
** Longitude = 125 01.297 W
** PST (Time) = Feb 21 2025 14:37:13
** Cruise: Bamfield25
** Comments:
# nquan = 18
# nvalues = 198                         
# units = specified
# name 0 = scan: Scan Count
# name 1 = tv290C: Temperature [ITS-90, deg C]
# name 2 = prdM: Pressure, Strain Gauge [db]
# name 3 = c0mS/cm: Conductivity [mS/cm]
# name 4 = sbeox0V: Oxygen raw, SBE 43 [V]
# name 5 = flECO-AFL: Fluorescence, WET Labs ECO-AFL/FL [mg/m^3]
# name 6 = seaTurbMtr: Turbidity, Seapoint [FTU]
# name 7 = sbeox0ML/L: Oxygen, SBE 43 [ml/l], WS = 2
# name 8 = sal00: Salinity, Practical [PSU]
# name 9 = sigma-é00: Density [sigma-theta, kg/m^3]
# name 10 = sbeox0PS: Oxygen, SBE 43 [% saturation], WS = 2
# name 11 = potemp090C: Potential Temperature [ITS-90, deg C]
# name 12 = gsw_srA0: Reference Salinity [g/kg]
# name 13 = gsw_ctA0: Conservative Temperature [ITS-90, deg C]
# name 14 = gsw_sigma0A0: density, TEOS-10 [sigma-0, kg/m^3 ]
# name 15 = gsw_saA0: Absolute Salinity [g/kg]
# name 16 = nbin: number of scans per bin
# name 17 = flag: flag
# span 0 =        523,       1632       
# span 1 =     7.9211,    10.2414       
# span 2 =      1.000,     99.500       
# span 3 =  30.275287,  35.790445       
# span 4 =     2.0012,     2.7316       
# span 5 =     0.7391,     5.2276       
# span 6 =     -0.003,      0.216       
# span 7 =     4.4108,     6.9242       
# span 8 =    28.7248,    32.5380       
# span 9 =    22.3544,    25.0352       
# span 10 =     68.732,    100.617      
# span 11 =     7.9194,    10.2344      
# span 12 =    28.8603,    32.6914      
# span 13 =     7.9706,    10.2729      
# span 14 =    22.3580,    25.0411      
# span 15 =    28.8635,    32.6953      
# span 16 =          1,        196      
# span 17 = 0.0000e+00, 0.0000e+00      
# interval = decibars: 0.5              
# start_time = Feb 21 2025 22:37:23 [Instrument's time stamp, header]
# bad_flag = -9.990e-29
*END*
[from data line 81]
        679     9.0645     41.500  34.106744     2.2942     3.0714 1.3868e-40     5.1413    31.7548    24.5687     78.115     9.0602    31.9045     9.1057    24.5730    31.9072          2 0.0000e+00
        680     9.1212     42.000  34.179870     2.2775     2.9742 2.1811e-40     5.0915    31.7795    24.5792     77.467     9.1169    31.9294     9.1621    24.5836    31.9319          2 0.0000e+00
        682     9.1858     42.500  34.264198     2.2610     2.8641 3.4380e-40     5.0431    31.8086    24.5920     76.856     9.1814    31.9586     9.2264    24.5964    31.9612          2 0.0000e+00
        684     9.2592     43.000  34.358885     2.2450     2.7454 5.2495e-40     4.9968    31.8405    24.6056     76.289     9.2547    31.9907     9.2994    24.6100    31.9932          1 0.0000e+00
        686     9.3491     43.500  34.476509     2.2300     2.6200 8.1417e-40     4.9598    31.8810    24.6231     75.895     9.3445    32.0314     9.3889    24.6276    32.0339          2 0.0000e+00
        688     9.4544     44.000  34.619172     2.2162     2.4706 1.2800e-39     4.9239    31.9332    24.6472     75.546     9.4497    32.0838     9.4936    24.6517    32.0864          2 0.0000e+00
        689     9.5600     44.500  34.763369     2.2057     2.3169 2.0149e-39     4.8998    31.9863    24.6718     75.377     9.5552    32.1372     9.5986    24.6765    32.1397          2 0.0000e+00
        691     9.6558     45.000  34.888237     2.1949     2.1834 3.0642e-39     4.8768    32.0282    24.6892     75.203     9.6509    32.1793     9.6939    24.6939    32.1818          1 0.0000e+00
        693     9.7393     45.500  34.990911     2.1857     2.0651 4.7284e-39     4.8584    32.0582    24.6991     75.070     9.7344    32.2094     9.7771    24.7038    32.2120          2 0.0000e+00
        695     9.8151     46.000  35.088983     2.1792     1.9242 7.4160e-39     4.8519    32.0902    24.7118     75.111     9.8101    32.2415     9.8525    24.7165    32.2441          2 0.0000e+00
        696     9.8868     46.500  35.182405     2.1737     1.7684 1.1741e-38     4.8479    32.1209    24.7241     75.180     9.8817    32.2724     9.9238    24.7289    32.2750          2 0.0000e+00
        698     9.9567     47.000  35.277601     2.1692     1.6308 1.8827e-38     4.8418    32.1550    24.7392     75.218     9.9515    32.3066     9.9932    24.7440    32.3092          2 0.0000e+00
        700    10.0202     47.500  35.366171     2.1666     1.5065 3.1147e-38     4.8395    32.1879    24.7544     75.303    10.0149    32.3397    10.0563    24.7592    32.3422          2 0.0000e+00
        702    10.0681     48.000  35.426826     2.1634     1.3872 5.5129e-38     4.8308    32.2063    24.7608     75.255    10.0628    32.3582    10.1039    24.7657    32.3608          2 0.0000e+00
        706    10.0917     48.500  35.449763     2.1595     1.3052 1.6058e-37     4.8240    32.2083    24.7584     75.187    10.0863    32.3602    10.1275    24.7633    32.3627          6 0.0000e+00
        722    10.1014     49.000  35.464155     2.1544     1.2716 3.9051e-35     4.8194    32.2139    24.7613     75.135    10.0959    32.3658    10.1371    24.7662    32.3684         27 0.0000e+00
        757    10.1305     49.500  35.511058     2.1471     1.2250 8.8347e-30     4.7998    32.2352    24.7730     74.886    10.1249    32.3872    10.1658    24.7779    32.3898         52 0.0000e+00
        907    10.1428     50.000  35.532925     2.1457     1.3986 9.7541e-17     4.8003    32.2461    24.7795     74.920    10.1372    32.3981    10.1778    24.7844    32.4007        113 0.0000e+00
        912    10.1441     50.500  35.533810     2.1549     1.4039 2.9628e-15     4.8288    32.2456    24.7789     75.366    10.1385    32.3976    10.1792    24.7838    32.4002          4 0.0000e+00
        915    10.1511     51.000  35.544201     2.1534     1.3565 8.3598e-15     4.8112    32.2496    24.7809     75.106    10.1454    32.4017    10.1860    24.7858    32.4043          4 0.0000e+00
        918    10.1632     51.500  35.563500     2.1528     1.3011 2.1413e-14     4.8169    32.2581    24.7855     75.218    10.1574    32.4102    10.1979    24.7905    32.4129          4 0.0000e+00
        922    10.1757     52.000  35.582768     2.1536     1.2607 5.0380e-14     4.8240    32.2661    24.7896     75.353    10.1699    32.4182    10.2103    24.7946    32.4209          3 0.0000e+00
        925    10.1856     52.500  35.597060     2.1550     1.2504 1.2264e-13     4.8232    32.2715    24.7922     75.359    10.1797    32.4237    10.2201    24.7972    32.4264          4 0.0000e+00
        929    10.1918     53.000  35.607464     2.1550     1.2586 2.8812e-13     4.8190    32.2763    24.7949     75.307    10.1858    32.4285    10.2261    24.7999    32.4311          3 0.0000e+00
        932    10.1894     53.500  35.607052     2.1549     1.2763 6.4983e-13     4.8178    32.2779    24.7965     75.285    10.1834    32.4301    10.2236    24.8015    32.4327          3 0.0000e+00
        935    10.1830     54.000  35.603483     2.1546     1.2929 1.4189e-12     4.8109    32.2797    24.7990     75.167    10.1769    32.4319    10.2172    24.8041    32.4346          3 0.0000e+00
        938    10.1781     54.500  35.601644     2.1528     1.2835 2.9849e-12     4.7977    32.2820    24.8016     74.954    10.1720    32.4342    10.2121    24.8067    32.4369          3 0.0000e+00
        941    10.1806     55.000  35.609573     2.1500     1.2367 6.0599e-12     4.7861    32.2875    24.8056     74.780    10.1744    32.4398    10.2145    24.8106    32.4425          3 0.0000e+00
        944    10.1901     55.500  35.626432     2.1481     1.2228 1.1444e-11     4.7790    32.2959    24.8104     74.688    10.1838    32.4482    10.2237    24.8155    32.4509          2 0.0000e+00
        946    10.2072     56.000  35.653631     2.1455     1.2313 2.1835e-11     4.7683    32.3078    24.8169     74.553    10.2009    32.4601    10.2406    24.8220    32.4629          3 0.0000e+00
        949    10.2264     56.500  35.687349     2.1420     1.2397 4.0339e-11     4.7594    32.3244    24.8267     74.454    10.2200    32.4768    10.2595    24.8318    32.4796          2 0.0000e+00
        951    10.2354     57.000  35.707667     2.1410     1.2325 7.6195e-11     4.7603    32.3366    24.8347     74.488    10.2290    32.4891    10.2683    24.8399    32.4919          3 0.0000e+00
        954    10.2358     57.500  35.714003     2.1398     1.1951 1.3916e-10     4.7612    32.3424    24.8391     74.505    10.2293    32.4949    10.2685    24.8443    32.4977          2 0.0000e+00
        956    10.2335     58.000  35.716881     2.1386     1.1780 2.5922e-10     4.7589    32.3472    24.8433     74.468    10.2269    32.4997    10.2661    24.8484    32.5025          3 0.0000e+00
        958    10.2311     58.500  35.719862     2.1380     1.1705 4.6872e-10     4.7609    32.3521    24.8476     74.497    10.2245    32.5047    10.2635    24.8527    32.5075          2 0.0000e+00
        961    10.2297     59.000  35.723523     2.1371     1.1468 8.2615e-10     4.7583    32.3568    24.8514     74.458    10.2230    32.5094    10.2619    24.8566    32.5122          2 0.0000e+00
        963    10.2319     59.500  35.731499     2.1369     1.1206 1.5012e-09     4.7584    32.3627    24.8557     74.466    10.2251    32.5153    10.2640    24.8608    32.5181          3 0.0000e+00
        965    10.2355     60.000  35.740792     2.1361     1.1229 2.6490e-09     4.7547    32.3686    24.8597     74.415    10.2287    32.5212    10.2674    24.8648    32.5241          2 0.0000e+00
        967    10.2390     60.500  35.749033     2.1360     1.1414 4.5804e-09     4.7505    32.3736    24.8630     74.358    10.2322    32.5262    10.2708    24.8682    32.5291          2 0.0000e+00
        970    10.2409     61.000  35.754637     2.1348     1.1179 7.9088e-09     4.7420    32.3773    24.8656     74.229    10.2340    32.5300    10.2726    24.8708    32.5328          2 0.0000e+00
        972    10.2414     61.500  35.758445     2.1325     1.0722 1.3584e-08     4.7319    32.3804    24.8679     74.074    10.2344    32.5331    10.2729    24.8731    32.5360          2 0.0000e+00
        974    10.2409     62.000  35.762237     2.1308     1.0311 2.4389e-08     4.7339    32.3845    24.8712     74.107    10.2339    32.5372    10.2723    24.8764    32.5401          3 0.0000e+00
        976    10.2404     62.500  35.766497     2.1300     1.0002 4.2735e-08     4.7353    32.3891    24.8749     74.130    10.2333    32.5418    10.2716    24.8801    32.5447          2 0.0000e+00
        978    10.2397     63.000  35.770808     2.1301     0.9690 7.3284e-08     4.7337    32.3938    24.8787     74.106    10.2326    32.5466    10.2708    24.8839    32.5495          2 0.0000e+00
        981    10.2390     63.500  35.774482     2.1284     0.9423 1.2578e-07     4.7219    32.3979    24.8820     73.923    10.2318    32.5507    10.2700    24.8872    32.5536          2 0.0000e+00
        983    10.2383     64.000  35.777209     2.1257     0.9438 2.1611e-07     4.7103    32.4010    24.8846     73.740    10.2311    32.5537    10.2692    24.8897    32.5567          2 0.0000e+00
        985    10.2377     64.500  35.778866     2.1241     0.9337 3.9013e-07     4.7100    32.4030    24.8862     73.736    10.2304    32.5558    10.2685    24.8914    32.5587          3 0.0000e+00
        987    10.2372     65.000  35.780147     2.1225     0.9123 6.8855e-07     4.7086    32.4045    24.8875     73.714    10.2298    32.5573    10.2679    24.8928    32.5603          2 0.0000e+00
        990    10.2368     65.500  35.781344     2.1213     0.9008 -4.063e-08     4.7066    32.4059    24.8887     73.683    10.2294    32.5587    10.2674    24.8939    32.5617          2 0.0000e+00
        992    10.2360     66.000  35.782643     2.1198     0.8957      0.000     4.6996    32.4077    24.8902     73.573    10.2285    32.5605    10.2665    24.8955    32.5635          3 0.0000e+00
        994    10.2343     66.500  35.784112     2.1178     0.8974      0.000     4.6930    32.4104    24.8926     73.467    10.2268    32.5633    10.2647    24.8979    32.5663          2 0.0000e+00
        996    10.2313     67.000  35.785928     2.1161     0.9037      0.000     4.6896    32.4147    24.8965     73.412    10.2237    32.5675    10.2616    24.9018    32.5705          2 0.0000e+00
        999    10.2274     67.500  35.787139     2.1144     0.9091      0.000     4.6920    32.4192    24.9007     73.445    10.2198    32.5721    10.2575    24.9060    32.5751          2 0.0000e+00
       1001    10.2238     68.000  35.787713     2.1138     0.9113      0.000     4.6951    32.4228    24.9041     73.490    10.2161    32.5757    10.2538    24.9094    32.5787          3 0.0000e+00
       1003    10.2209     68.500  35.788188     2.1135     0.9219      0.000     4.6964    32.4256    24.9068     73.506    10.2132    32.5785    10.2508    24.9121    32.5816          2 0.0000e+00
       1006    10.2185     69.000  35.788468     2.1133     0.9224      0.000     4.6920    32.4279    24.9090     73.436    10.2107    32.5808    10.2482    24.9143    32.5839          3 0.0000e+00
       1009    10.2168     69.500  35.788774     2.1113     0.9118      0.000     4.6877    32.4294    24.9104     73.366    10.2090    32.5824    10.2465    24.9158    32.5854          4 0.0000e+00
       1112    10.2143     70.000  35.787326     2.1113     0.9128      0.216     4.6950    32.4301    24.9114     73.477    10.2064    32.5830    10.2439    24.9167    32.5861        196 0.0000e+00
       1226    10.2166     70.500  35.789953     2.1075     0.8740     -0.003     4.6834    32.4304    24.9113     73.299    10.2086    32.5833    10.2462    24.9166    32.5864          3 0.0000e+00
       1227    10.2152     71.000  35.790445     2.1086     0.8756 2.9672e-19     4.6898    32.4319    24.9127     73.398    10.2072    32.5848    10.2447    24.9181    32.5879          3 0.0000e+00
       1230    10.2132     71.500  35.790437     2.1085     0.8661 1.5320e-19     4.6846    32.4336    24.9143     73.313    10.2051    32.5865    10.2425    24.9197    32.5896          2 0.0000e+00
       1232    10.2106     72.000  35.789981     2.1075     0.8635 8.5246e-20     4.6717    32.4352    24.9160     73.109    10.2025    32.5881    10.2399    24.9214    32.5912          3 0.0000e+00
       1234    10.2081     72.500  35.789341     2.1064     0.8670 4.6363e-20     4.6614    32.4366    24.9175     72.944    10.1999    32.5895    10.2373    24.9229    32.5926          2 0.0000e+00
       1237    10.2061     73.000  35.789023     2.1010     0.8567 2.4166e-20     4.6393    32.4378    24.9189     72.597    10.1978    32.5908    10.2352    24.9243    32.5939          2 0.0000e+00
       1239    10.2043     73.500  35.788737     2.0998     0.8578 1.3594e-20     4.6410    32.4389    24.9200     72.621    10.1960    32.5919    10.2333    24.9254    32.5950          3 0.0000e+00
       1241    10.2027     74.000  35.788652     2.0974     0.8484 7.6013e-21     4.6311    32.4401    24.9212     72.463    10.1943    32.5930    10.2316    24.9266    32.5962          2 0.0000e+00
       1244    10.2008     74.500  35.788621     2.0950     0.8557 4.1017e-21     4.6207    32.4415    24.9226     72.299    10.1924    32.5945    10.2296    24.9280    32.5976          2 0.0000e+00
       1246    10.1982     75.000  35.788287     2.0902     0.8886 2.3378e-21     4.6040    32.4433    24.9244     72.034    10.1897    32.5963    10.2270    24.9299    32.5994          3 0.0000e+00
       1248    10.1943     75.500  35.787340     2.0873     0.9155 1.3055e-21     4.6016    32.4456    24.9269     71.991    10.1858    32.5986    10.2229    24.9324    32.6018          2 0.0000e+00
       1251    10.1886     76.000  35.785433     2.0843     0.9376 7.4386e-22     4.5955    32.4486    24.9302     71.887    10.1800    32.6016    10.2171    24.9357    32.6048          3 0.0000e+00
       1253    10.1824     76.500  35.783838     2.0818     0.9645 4.1241e-22     4.5866    32.4523    24.9341     71.741    10.1738    32.6053    10.2108    24.9396    32.6085          2 0.0000e+00
       1256    10.1761     77.000  35.782598     2.0784     1.0103 2.2320e-22     4.5769    32.4565    24.9385     71.582    10.1674    32.6096    10.2043    24.9439    32.6128          2 0.0000e+00
       1258    10.1685     77.500  35.780069     2.0741     1.0255 1.2250e-22     4.5699    32.4605    24.9429     71.462    10.1598    32.6135    10.1965    24.9483    32.6168          2 0.0000e+00
       1260    10.1605     78.000  35.776995     2.0735     1.0005 7.0992e-23     4.5727    32.4643    24.9472     71.495    10.1517    32.6174    10.1885    24.9527    32.6206          3 0.0000e+00
       1262    10.1547     78.500  35.775429     2.0700     0.9801 3.9580e-23     4.5634    32.4678    24.9509     71.341    10.1458    32.6209    10.1824    24.9563    32.6241          2 0.0000e+00
       1265    10.1504     79.000  35.774371     2.0680     0.9578 2.1425e-23     4.5614    32.4703    24.9536     71.306    10.1415    32.6234    10.1781    24.9591    32.6267          2 0.0000e+00
       1267    10.1469     79.500  35.773642     2.0671     0.9321 1.2406e-23     4.5627    32.4725    24.9559     71.321    10.1380    32.6256    10.1745    24.9614    32.6289          3 0.0000e+00
       1269    10.1419     80.000  35.772405     2.0649     0.8982 6.9997e-24     4.5582    32.4756    24.9591     71.244    10.1329    32.6287    10.1693    24.9646    32.6320          2 0.0000e+00
       1272    10.1346     80.500  35.769851     2.0629     0.8604 3.8511e-24     4.5537    32.4793    24.9633     71.164    10.1255    32.6324    10.1619    24.9688    32.6358          2 0.0000e+00
