data/bam250034.cnv
* Sea-Bird SBE19plus  Data File:
* FileName = C:\Users\odl_guest\CTD\sbe19_7274\bamfield25_7274\hex\bam250034.hex
* Software version 2.8.0.119
* Temperature SN = 7274
* Conductivity SN = 7274
* System UpLoad Time = Feb 21 2025 20:04:18
* <ApplicationData>
* <Seaterm232>
** Station: ctrl
** Depth: 114 m
** Latitude = 48 52.586 N
** Longitude = 125 07.628 W
** PST (Time) = Feb 21 2025 13:28:18
** Cruise: Bamfield25
** Comments:
# nquan = 18
# nvalues = 202                         
# units = specified
# name 0 = scan: Scan Count
# name 1 = tv290C: Temperature [ITS-90, deg C]
# name 2 = prdM: Pressure, Strain Gauge [db]
# name 3 = c0mS/cm: Conductivity [mS/cm]
# name 4 = sbeox0V: Oxygen raw, SBE 43 [V]
# name 5 = flECO-AFL: Fluorescence, WET Labs ECO-AFL/FL [mg/m^3]
# name 6 = seaTurbMtr: Turbidity, Seapoint [FTU]
# name 7 = sbeox0ML/L: Oxygen, SBE 43 [ml/l], WS = 2
# name 8 = sal00: Salinity, Practical [PSU]
# name 9 = sigma-é00: Density [sigma-theta, kg/m^3]
# name 10 = sbeox0PS: Oxygen, SBE 43 [% saturation], WS = 2
# name 11 = potemp090C: Potential Temperature [ITS-90, deg C]
# name 12 = gsw_srA0: Reference Salinity [g/kg]
# name 13 = gsw_ctA0: Conservative Temperature [ITS-90, deg C]
# name 14 = gsw_sigma0A0: density, TEOS-10 [sigma-0, kg/m^3 ]
# name 15 = gsw_saA0: Absolute Salinity [g/kg]
# name 16 = nbin: number of scans per bin
# name 17 = flag: flag
# span 0 =        516,       2236       
# span 1 =     7.4427,    10.0926       
# span 2 =      1.000,    101.500       
# span 3 =  26.582435,  35.626549       
# span 4 =     1.6335,     2.7856       
# span 5 =     0.5995,     7.9364       
# span 6 =     -0.007,      2.023       
# span 7 =     3.3545,     7.2825       
# span 8 =    24.9680,    32.5806       
# span 9 =    19.4256,    25.1106       
# span 10 =     51.989,    103.023      
# span 11 =     7.4421,    10.0861      
# span 12 =    25.0858,    32.7343      
# span 13 =     7.4932,    10.1247      
# span 14 =    19.4277,    25.1164      
# span 15 =    25.0886,    32.7382      
# span 16 =          1,        628      
# span 17 = 0.0000e+00, 0.0000e+00      
# interval = decibars: 0.5              
# start_time = Feb 21 2025 21:28:18 [Instrument's time stamp, header]
# bad_flag = -9.990e-29
*END*
        516     7.8574      1.000  26.582435     2.7856     7.9364 1.2241e-39     7.2825    24.9680    19.4256    103.023     7.8573    25.0858     7.9968    19.4277    25.0886         13 0.0000e+00
        526     7.8625      1.500  26.717582     2.7349     7.5960 9.7411e-41     6.9979    25.1038    19.5313     99.096     7.8624    25.2221     8.0000    19.5334    25.2249          5 0.0000e+00
        530     7.8866      2.000  27.290261     2.7159     6.5508 2.9125e-41     6.9780    25.6785    19.9784     99.240     7.8864    25.7996     8.0163    19.9808    25.8024          3 0.0000e+00
        533     7.9254      2.500  28.680937     2.7090     5.1715 1.4405e-41     6.9135    27.0939    21.0822     99.321     7.9252    27.2217     8.0353    21.0852    27.2246          3 0.0000e+00
        535     7.9305      3.000  30.610658     2.7038     4.0930 7.6282e-42     6.8257    29.1083    22.6603     99.368     7.9302    29.2455     8.0110    22.6641    29.2487          2 0.0000e+00
        538     7.8328      3.500  31.645828     2.7002     3.2898 4.1227e-42     6.7918    30.2814    23.5937     99.413     7.8325    30.4243     7.8954    23.5978    30.4276          2 0.0000e+00
        540     7.6555      4.000  31.872213     2.7001     2.7142 2.2720e-42     6.8021    30.6765    23.9280     99.419     7.6552    30.8211     7.7112    23.9321    30.8244          2 0.0000e+00
        542     7.5367      4.500  31.895620     2.6952     2.3875 1.3842e-42     6.7969    30.8066    24.0463     99.158     7.5363    30.9519     7.5898    24.0504    30.9552          3 0.0000e+00
        544     7.4813      5.000  31.919127     2.6926     2.1773 8.4123e-43     6.7967    30.8808    24.1120     99.076     7.4808    31.0264     7.5330    24.1161    31.0297          2 0.0000e+00
        546     7.4542      5.500  31.931348     2.6897     2.0379 4.9744e-43     6.7971    30.9177    24.1447     99.045     7.4538    31.0634     7.5052    24.1487    31.0667          2 0.0000e+00
        548     7.4446      6.000  31.937370     2.6880     1.9553 2.9747e-43     6.7958    30.9325    24.1576     99.014     7.4440    31.0784     7.4953    24.1617    31.0816          2 0.0000e+00
        550     7.4427      6.500  31.943813     2.6854     1.8970 1.7538e-43     6.7927    30.9409    24.1645     98.970     7.4421    31.0868     7.4932    24.1686    31.0900          2 0.0000e+00
        552     7.4454      7.000  31.953361     2.6838     1.8463 1.0127e-43     6.7914    30.9485    24.1701     98.961     7.4448    31.0944     7.4958    24.1741    31.0976          2 0.0000e+00
        555     7.4510      7.500  31.966851     2.6827     1.8206 5.7409e-44     6.7953    30.9577    24.1766     99.037     7.4503    31.1037     7.5013    24.1806    31.1069          2 0.0000e+00
        557     7.4566      8.000  31.981372     2.6820     1.8229 3.2457e-44     6.7954    30.9680    24.1840     99.058     7.4559    31.1140     7.5067    24.1880    31.1172          2 0.0000e+00
        559     7.4600      8.500  31.992877     2.6816     1.8321 1.8614e-44     6.7988    30.9772    24.1907     99.120     7.4592    31.1232     7.5099    24.1947    31.1264          2 0.0000e+00
        561     7.4618      9.000  32.001457     2.6815     1.8313 1.1580e-44     6.7957    30.9845    24.1962     99.085     7.4610    31.1306     7.5116    24.2002    31.1337          3 0.0000e+00
        563     7.4623      9.500  32.005550     2.6814     1.8332 7.0439e-45     6.7915    30.9882    24.1991     99.027     7.4615    31.1344     7.5120    24.2030    31.1375          2 0.0000e+00
        565     7.4621     10.000  32.006944     2.6796     1.8320 4.1520e-45     6.7827    30.9897    24.2003     98.899     7.4612    31.1358     7.5117    24.2042    31.1389          2 0.0000e+00
        567     7.4618     10.500  32.007711     2.6791     1.8281 2.4739e-45     6.7813    30.9905    24.2009     98.879     7.4609    31.1366     7.5114    24.2048    31.1397          2 0.0000e+00
        569     7.4622     11.000  32.009261     2.6779     1.8252 1.4541e-45     6.7797    30.9917    24.2018     98.857     7.4612    31.1378     7.5117    24.2057    31.1409          2 0.0000e+00
        571     7.4637     11.500  32.012850     2.6769     1.8199 8.3946e-46     6.7738    30.9939    24.2034     98.776     7.4627    31.1400     7.5131    24.2073    31.1431          2 0.0000e+00
        574     7.4663     12.000  32.018147     2.6763     1.8102 4.7704e-46     6.7723    30.9970    24.2055     98.762     7.4652    31.1432     7.5156    24.2094    31.1462          2 0.0000e+00
        576     7.4679     12.500  32.021168     2.6746     1.7891 2.8057e-46     6.7660    30.9986    24.2065     98.675     7.4668    31.1447     7.5172    24.2104    31.1478          3 0.0000e+00
        578     7.4688     13.000  32.023240     2.6739     1.7715 1.5991e-46     6.7618    30.9998    24.2073     98.615     7.4676    31.1460     7.5180    24.2112    31.1490          2 0.0000e+00
        580     7.4695     13.500  32.025876     2.6712     1.7530 8.9002e-47     6.7453    31.0017    24.2088     98.379     7.4683    31.1479     7.5187    24.2127    31.1510          2 0.0000e+00
        583     7.4706     14.000  32.029431     2.6702     1.7365 5.0577e-47     6.7452    31.0044    24.2107     98.382     7.4693    31.1506     7.5197    24.2146    31.1536          2 0.0000e+00
        585     7.4725     14.500  32.034597     2.6658     1.7177 2.8696e-47     6.7310    31.0080    24.2133     98.181     7.4712    31.1542     7.5215    24.2172    31.1573          2 0.0000e+00
        587     7.4754     15.000  32.040293     2.6665     1.6949 1.7023e-47     6.7362    31.0113    24.2155     98.265     7.4740    31.1575     7.5243    24.2194    31.1606          3 0.0000e+00
        589     7.4793     15.500  32.047035     2.6640     1.6758 9.7577e-48     6.7350    31.0147    24.2176     98.259     7.4779    31.1610     7.5282    24.2216    31.1640          2 0.0000e+00
        591     7.4852     16.000  32.056229     2.6638     1.6550 5.4353e-48     6.7430    31.0192    24.2203     98.392     7.4838    31.1655     7.5339    24.2243    31.1685          2 0.0000e+00
        594     7.4926     16.500  32.070094     2.6638     1.6326 3.1049e-48     6.7509    31.0272    24.2257     98.529     7.4911    31.1735     7.5412    24.2296    31.1766          2 0.0000e+00
        596     7.4972     17.000  32.080678     2.6639     1.6106 1.8396e-48     6.7415    31.0341    24.2306     98.407     7.4957    31.1805     7.5457    24.2344    31.1835          2 0.0000e+00
        598     7.4981     17.500  32.084805     2.6654     1.5866 1.1270e-48     6.7278    31.0375    24.2330     98.211     7.4965    31.1839     7.5465    24.2370    31.1870          2 0.0000e+00
        600     7.4977     18.000  32.086352     2.6616     1.5644 7.0058e-49     6.6939    31.0393    24.2345     97.717     7.4961    31.1857     7.5461    24.2384    31.1887          2 0.0000e+00
        602     7.4981     18.500  32.088379     2.6570     1.5436 4.3381e-49     6.6725    31.0409    24.2358     97.405     7.4964    31.1873     7.5464    24.2397    31.1904          2 0.0000e+00
        604     7.5002     19.000  32.092306     2.6527     1.5244 2.6969e-49     6.6704    31.0430    24.2371     97.380     7.4985    31.1894     7.5484    24.2411    31.1924          2 0.0000e+00
        606     7.5061     19.500  32.100607     2.6513     1.5119 1.7276e-49     6.6756    31.0464    24.2390     97.472     7.5044    31.1928     7.5543    24.2429    31.1958          2 0.0000e+00
        607     7.5176     20.000  32.116312     2.6486     1.5087 1.1997e-49     6.6742    31.0527    24.2424     97.482     7.5158    31.1991     7.5657    24.2463    31.2022          2 0.0000e+00
        609     7.5353     20.500  32.140367     2.6476     1.5098 9.6886e-50     6.6691    31.0624    24.2476     97.452     7.5334    31.2089     7.5832    24.2516    31.2119          2 0.0000e+00
        611     7.5557     21.000  32.171271     2.6466     1.5014 9.7135e-50     6.6773    31.0771    24.2563     97.626     7.5538    31.2236     7.6034    24.2602    31.2266          2 0.0000e+00
        613     7.5698     21.500  32.195669     2.6452     1.4726 1.2094e-49     6.6855    31.0903    24.2648     97.787     7.5678    31.2369     7.6174    24.2687    31.2399          2 0.0000e+00
        615     7.5745     22.000  32.205847     2.6485     1.4385 1.7444e-49     6.6873    31.0967    24.2692     97.828     7.5725    31.2434     7.6219    24.2731    31.2463          2 0.0000e+00
        617     7.5754     22.500  32.210831     2.6498     1.4135 2.7229e-49     6.6516    31.1010    24.2725     97.310     7.5734    31.2476     7.6228    24.2764    31.2506          2 0.0000e+00
        619     7.5758     23.000  32.215233     2.6435     1.4022 4.4290e-49     6.5673    31.1051    24.2756     96.081     7.5738    31.2518     7.6231    24.2795    31.2547          2 0.0000e+00
        621     7.5806     23.500  32.222402     2.6319     1.4059 7.3983e-49     6.4785    31.1083    24.2776     94.794     7.5785    31.2550     7.6278    24.2814    31.2579          2 0.0000e+00
        623     7.5980     24.000  32.245840     2.6177     1.4144 1.2530e-48     6.4105    31.1175    24.2824     93.843     7.5958    31.2643     7.6451    24.2862    31.2671          2 0.0000e+00
        626     7.6266     24.500  32.283179     2.6030     1.4302 2.1184e-48     6.3622    31.1316    24.2896     93.205     7.6244    31.2784     7.6736    24.2934    31.2813          2 0.0000e+00
        628     7.6669     25.000  32.330634     2.5895     1.4803 3.5399e-48     6.3304    31.1460    24.2953     92.832     7.6646    31.2929     7.7138    24.2991    31.2956          2 0.0000e+00
        630     7.7399     25.500  32.415525     2.5784     1.5801 5.8708e-48     6.3074    31.1710    24.3049     92.665     7.7375    31.3180     7.7867    24.3087    31.3208          2 0.0000e+00
        632     7.8657     26.000  32.570261     2.5689     1.7101 9.7216e-48     6.2761    31.2228    24.3280     92.500     7.8633    31.3700     7.9123    24.3319    31.3728          2 0.0000e+00
        634     8.0104     26.500  32.762991     2.5619     1.8151 1.6074e-47     6.2290    31.2976    24.3663     92.154     8.0079    31.4452     8.0563    24.3703    31.4479          2 0.0000e+00
        636     8.1104     27.000  32.885784     2.5533     1.8796 2.6376e-47     6.1804    31.3378    24.3837     91.666     8.1078    31.4856     8.1560    24.3877    31.4883          2 0.0000e+00
        638     8.1649     27.500  32.943246     2.5426     1.9227 4.2802e-47     6.1322    31.3495    24.3851     91.069     8.1623    31.4973     8.2106    24.3891    31.5000          2 0.0000e+00
        639     8.2000     28.000  32.983927     2.5342     1.9629 6.8708e-47     6.1054    31.3608    24.3889     90.750     8.1973    31.5087     8.2456    24.3929    31.5114          2 0.0000e+00
        641     8.2258     28.500  33.019093     2.5250     2.0124 1.0970e-46     6.0800    31.3746    24.3960     90.433     8.2231    31.5225     8.2713    24.3999    31.5252          2 0.0000e+00
        643     8.2440     29.000  33.042830     2.5175     2.0694 1.7576e-46     6.0581    31.3831    24.4000     90.149     8.2412    31.5311     8.2893    24.4040    31.5337          2 0.0000e+00
        645     8.2591     29.500  33.061173     2.5090     2.1196 2.7644e-46     6.0303    31.3887    24.4023     89.770     8.2563    31.5367     8.3044    24.4062    31.5393          1 0.0000e+00
        647     8.2794     30.000  33.086365     2.5018     2.1471 4.4793e-46     6.0024    31.3969    24.4058     89.401     8.2764    31.5449     8.3245    24.4097    31.5475          2 0.0000e+00
        649     8.3166     30.500  33.141183     2.4903     2.1818 7.7609e-46     5.9703    31.4211    24.4192     89.011     8.3136    31.5692     8.3615    24.4232    31.5718          3 0.0000e+00
        651     8.3531     31.000  33.195037     2.4830     2.2083 1.3226e-45     5.9560    31.4448    24.4326     88.885     8.3501    31.5931     8.3977    24.4366    31.5956          2 0.0000e+00
        653     8.3809     31.500  33.231121     2.4766     2.2143 2.2151e-45     5.9424    31.4576    24.4386     88.745     8.3778    31.6060     8.4253    24.4426    31.6085          2 0.0000e+00
        655     8.4028     32.000  33.258138     2.4694     2.2030 3.7335e-45     5.9224    31.4662    24.4421     88.494     8.3997    31.6146     8.4471    24.4461    31.6171          2 0.0000e+00
        657     8.4247     32.500  33.286749     2.4640     2.1831 6.2506e-45     5.8915    31.4765    24.4469     88.082     8.4215    31.6249     8.4689    24.4509    31.6274          2 0.0000e+00
        659     8.4489     33.000  33.319770     2.4578     2.1683 1.0351e-44     5.8399    31.4892    24.4534     87.365     8.4456    31.6377     8.4929    24.4574    31.6403          2 0.0000e+00
        661     8.4737     33.500  33.354178     2.4460     2.1691 1.7011e-44     5.7650    31.5029    24.4604     86.301     8.4704    31.6514     8.5177    24.4644    31.6539          2 0.0000e+00
        663     8.4955     34.000  33.383064     2.4323     2.1799 2.7829e-44     5.6939    31.5134    24.4655     85.283     8.4922    31.6620     8.5393    24.4695    31.6645          2 0.0000e+00
        665     8.5142     34.500  33.407257     2.4177     2.2146 4.5548e-44     5.6349    31.5218    24.4693     84.440     8.5109    31.6704     8.5579    24.4733    31.6730          2 0.0000e+00
        667     8.5326     35.000  33.431014     2.4025     2.2603 7.4916e-44     5.5850    31.5300    24.4730     83.731     8.5291    31.6787     8.5761    24.4771    31.6812          2 0.0000e+00
        669     8.5545     35.500  33.460001     2.3858     2.2777 1.2350e-43     5.5409    31.5405    24.4781     83.116     8.5510    31.6893     8.5979    24.4821    31.6918          2 0.0000e+00
        671     8.5843     36.000  33.499296     2.3729     2.2687 2.0279e-43     5.5150    31.5547    24.4847     82.791     8.5808    31.7035     8.6276    24.4888    31.7061          2 0.0000e+00
        673     8.6299     36.500  33.560107     2.3603     2.2467 3.3093e-43     5.4888    31.5773    24.4956     82.494     8.6263    31.7262     8.6730    24.4997    31.7287          2 0.0000e+00
        675     8.6887     37.000  33.646991     2.3503     2.2204 5.4068e-43     5.4582    31.6151    24.5164     82.162     8.6850    31.7642     8.7313    24.5206    31.7667          2 0.0000e+00
        677     8.7449     37.500  33.725932     2.3394     2.1941 8.9371e-43     5.4171    31.6469    24.5329     81.663     8.7412    31.7961     8.7872    24.5371    31.7987          2 0.0000e+00
        679     8.7939     38.000  33.788607     2.3277     2.1646 1.5028e-42     5.3677    31.6681    24.5422     81.019     8.7901    31.8174     8.8359    24.5463    31.8200          2 0.0000e+00
        681     8.8413     38.500  33.848766     2.3142     2.1120 2.5542e-42     5.3098    31.6881    24.5506     80.239     8.8374    31.8376     8.8831    24.5548    31.8401          2 0.0000e+00
        683     8.8869     39.000  33.908214     2.3015     2.0552 4.3104e-42     5.2494    31.7089    24.5599     79.418     8.8829    31.8584     8.9284    24.5642    31.8609          2 0.0000e+00
        685     8.9240     39.500  33.958070     2.2859     2.0008 7.1205e-42     5.1839    31.7272    24.5686     78.502     8.9200    31.8768     8.9654    24.5729    31.8793          2 0.0000e+00
        687     8.9549     40.000  33.997228     2.2704     1.9385 1.1567e-41     5.1275    31.7400    24.5739     77.707     8.9508    31.8897     8.9961    24.5782    31.8922          2 0.0000e+00
        689     8.9891     40.500  34.040773     2.2551     1.8790 1.8762e-41     5.0760    31.7543    24.5799     76.993     8.9849    31.9040     9.0301    24.5842    31.9066          2 0.0000e+00
